1984|2531
2278|2046
2252|2531
1974|2531
2326|1049
1687|1049
2061|777
1138|1049
1915|2046
1687|2531
1974|1049
250|1049
1452|294
1984|1049
2602|2046
54|2046
1728|608
59|1140
2457|1049
59|909
2326|2531
1819|608
59|2611
2519|2531
2252|1049
1571|2046
1452|509
2602|969
45|608
59|2046
1819|1878
2519|1049
1251|1053
2519|1110
59|969
1915|909
2326|1110
1974|1110
1819|324
211|1276
1251|969
59|1145
1984|816
2602|1197
2457|2531
54|1197
1687|1110
2080|1145
250|1110
1613|1053
2278|324
59|1197
1819|1145
2602|1053
1984|1110
1138|2531
1984|2444
2457|123
1251|1276
2080|1708
1819|1276
59|1878
1728|1878
250|123
1251|1878
618|123
2252|123
2080|1878
1984|123
1251|1197
2602|1276
54|969
1687|123
45|1878
1974|123
1613|1276
59|1276
2457|2444
1641|741
250|2531
54|1276
1728|389
2097|2214
1819|2046
2278|2645
2080|963
1325|816
1819|963
45|963
1442|2563
1819|94
1728|537
1325|2083
2080|537
45|537
2080|526
1819|526
45|526
59|1630
1728|1630
59|362
369|963
1613|1630
1728|1586
1251|1630
2080|1630
793|2563
1819|1630
1325|963
2207|423
45|1630
2207|453
1907|2563
1452|79
452|453
45|2645
1251|963
369|816
1728|963
1596|1705
45|389
59|1514
59|389
1728|1514
1613|1514
2278|1514
796|1705
2080|1514
612|1705
1251|564
1819|1514
45|1514
1907|1705
1728|2444
1251|2444
45|2444
59|453
1444|1705
1613|453
2278|453
1819|453
45|453
45|512
1728|2656
45|2656
2278|512
1728|512
59|963
2112|79
1803|2563
1739|336
1135|2712
771|510
793|510
250|941
2080|2349
373|510
1452|1467
793|2496
793|2015
1907|2015
1211|2443
618|941
563|1467
1819|2349
1412|192
1624|1467
1596|1549
45|2349
1297|1467
1211|2712
1984|941
1687|941
59|608
2097|738
2061|2674
1974|941
2326|941
600|987
1624|777
2539|2113
2519|941
1687|2220
206|510
1596|510
2278|2349
796|1549
1209|517
1907|517
1251|1223
1907|454
1452|1920
829|1457
81|1164
796|453
59|1457
1728|1457
1613|1457
1251|1457
683|1457
1819|1457
45|1457
2278|746
1442|1164
2112|1920
793|1164
59|2349
1728|2349
1907|1164
1613|2349
940|453
1803|1164
2521|510
1209|510
2252|2220
1613|963
449|1223
1819|2478
2248|1756
373|1206
1907|801
1209|801
1907|1178
636|1178
373|154
1130|812
2248|812
2534|812
1130|1808
931|1808
2534|1808
2534|1446
2534|1362
2248|2732
1444|2557
2157|2557
1209|2557
1907|836
1907|398
2157|1546
373|1546
1907|2587
1209|2587
2157|2587
1209|1264
313|969
1444|1470
1907|969
1442|969
1209|969
1080|969
2157|1206
931|2732
2207|1756
636|2312
1245|2348
1561|1630
1706|1630
1245|1630
2248|1630
2534|1630
1130|969
1706|969
2248|969
940|969
2534|969
1130|1197
1706|1197
2248|1197
940|1197
2534|1197
1130|1630
2534|537
1245|537
287|2444
2534|2348
1130|2444
1561|2444
1706|2444
1245|2444
2248|2444
2534|2444
1561|537
1130|963
1561|963
1706|963
1245|963
2248|963
2534|963
2157|1878
931|894
2488|139
2502|489
156|1901
280|1630
2085|1630
54|240
2085|916
1971|1630
280|75
1012|2349
793|1089
793|1404
2085|453
1442|1404
280|2279
2521|1404
1662|411
636|2102
156|2102
1503|1432
771|1065
1728|2583
728|2349
2281|2349
771|512
373|1065
2491|1432
683|966
521|921
134|2431
2085|1432
946|2431
683|2431
889|1432
907|2431
1662|489
1185|489
636|894
1853|1197
68|79
2596|899
1442|899
793|535
2596|489
1442|489
793|794
2277|794
2596|517
515|79
1419|1206
2207|1206
931|1206
931|969
2207|969
2621|561
2621|2127
515|2077
1853|1878
2085|2279
280|1721
280|1750
2085|196
1853|2385
342|2385
2502|1878
1948|1276
68|777
2300|1636
2300|745
1948|2540
1948|1630
68|2077
2248|2159
1130|1705
45|1753
1204|1092
1864|963
1247|2176
1247|2712
1247|1630
1864|1630
1247|2506
1247|192
1864|192
2318|192
1864|1276
1864|1178
1247|2497
1864|2497
2399|1164
2713|1164
1247|2444
1864|1124
1247|1124
167|2228
920|192
337|1276
167|411
167|281
167|2238
167|489
1209|928
1864|2327
313|928
36|928
1864|1279
1247|477
1864|477
2318|477
1204|1016
1204|1520
920|1094
97|2365
342|2533
771|162
373|162
1837|876
1837|1389
1837|2510
2736|1771
2736|969
2735|969
1837|429
2297|969
1837|588
2736|243
487|746
1837|484
1209|162
1297|2533
563|2533
2399|162
2399|2365
1209|2365
771|2365
2514|453
373|2365
1102|2187
1452|2282
1452|2533
2061|2282
2112|2282
342|2282
1624|2282
1271|2533
1625|2533
337|192
337|1094
1561|1705
32|844
191|2540
946|77
2534|2508
2534|192
2534|1276
907|547
1137|1757
946|547
2738|2046
636|1885
1211|2693
1211|1705
946|1470
1102|2444
54|2576
211|2540
2475|2426
1135|1197
2534|1911
1245|1705
2488|1963
2534|1705
1706|555
2745|2113
1130|1911
2745|812
127|1197
127|537
1211|537
1135|537
127|969
1211|969
1135|969
2394|844
1819|721
487|2532
1819|741
2659|706
2659|545
2659|1631
2465|1727
663|2113
1247|545
171|545
1247|1549
1247|976
1247|1432
663|1432
280|1727
171|1432
81|1727
1069|2532
1819|1987
793|762
793|489
1819|1058
1907|2557
76|2562
870|941
54|741
308|941
1247|741
54|1058
1247|1058
1533|198
793|198
1907|1632
793|1632
793|2048
1533|489
45|2583
1728|1255
1251|2478
2610|229
59|2334
2610|941
2610|1754
2610|150
2610|1725
2610|2397
2610|2283
2610|1879
2688|941
2610|1049
2610|2663
2688|1329
2610|1329
2610|1092
2610|1361
59|52
59|392
59|1166
59|831
59|1432
59|941
59|2285
59|2746
59|1794
59|1113
59|1520
59|2105
59|1549
59|699
59|1092
59|1559
59|1531
59|2164
2610|2695
2610|1017
59|1372
2610|1887
129|588
212|2194
2615|2194
129|719
1907|1223
2682|453
2399|453
793|453
636|1197
636|969
1596|1630
796|1630
612|1630
1416|1630
796|2540
212|941
373|453
1596|453
2610|1385
2688|240
2610|240
2688|741
2610|741
2688|1058
2610|1058
2610|2229
373|2205
2610|680
2610|932
2610|1485
2610|2023
2610|2531
1275|531
59|876
59|2240
1209|1593
1080|1928
2602|685
1251|2348
59|2348
2602|2348
1571|2348
1251|1258
2602|1258
1571|1258
295|1258
59|93
2602|93
2157|1920
2157|2247
2157|1076
793|958
59|1775
2602|963
54|963
2602|1630
59|2478
2602|2478
1571|2478
54|2506
1251|1802
54|1630
59|1270
54|2518
1571|1270
233|1270
1251|1034
2602|1034
1819|2518
1251|2518
1069|2537
1069|2194
2659|1485
1069|2302
2659|1092
2659|115
2659|141
562|141
2659|2415
562|2415
2659|1016
30|956
2659|2289
562|2289
30|2289
2659|1385
30|1385
2659|2397
562|2397
30|1049
562|1049
2659|1049
373|631
820|1276
2619|1276
2659|1707
373|1878
1416|1164
373|512
487|1940
562|2349
487|677
1301|2348
2550|1992
2550|1093
2550|2166
2659|2283
2157|1593
1442|1593
45|1255
1755|963
452|192
1209|1920
206|1920
373|2046
2405|1920
280|246
434|812
1755|812
65|2444
434|2444
1755|2444
434|1230
2488|1230
1755|1230
65|963
1102|1920
1209|192
1596|192
771|1630
796|2327
373|791
1209|2444
1102|1164
635|1034
373|1630
1419|564
97|1920
210|1150
2271|1150
373|1150
373|192
796|192
206|192
434|963
434|1093
771|1322
1755|1093
434|1276
1755|1276
2432|2256
1728|741
45|741
2338|2256
688|1771
156|2312
688|894
2338|345
156|894
1591|2349
589|386
2738|42
952|2349
280|2256
1417|1276
1755|2443
1755|1197
2488|224
434|1630
1755|1630
434|969
1755|969
434|1197
434|246
2488|2443
1755|246
434|1053
1755|1053
434|192
2488|192
1755|192
1209|1322
373|1322
206|1593
1907|2545
280|1260
2465|1025
280|1025
68|1914
515|564
2705|1705
1291|1705
1291|2667
581|1878
1907|1440
581|1457
744|1457
581|1206
744|1206
744|988
2454|1705
201|1092
1222|1092
832|1457
1069|1593
793|1593
832|1593
1907|1593
373|1593
97|1593
210|1897
201|2676
2157|1534
1907|1534
373|1534
793|1456
373|1456
855|2676
2596|988
636|738
475|2228
1907|2365
2383|2696
2383|974
1102|2563
211|741
191|741
211|872
191|872
211|504
191|504
1821|1420
1821|1727
1419|537
636|418
636|1164
475|489
2383|2444
2383|244
54|1223
1209|597
1907|2049
206|198
1907|198
206|1105
1907|1105
1442|1546
2157|597
683|1314
210|597
97|597
793|1546
793|1206
1907|1794
793|987
1837|1972
1209|2012
2016|685
1402|967
280|504
1211|967
2705|967
280|967
1259|967
395|967
2465|2285
931|1197
1211|2285
280|2285
1259|2285
1211|2719
2705|2719
280|2719
931|2362
931|1276
1004|1848
1442|1178
2395|2444
2318|1279
149|2228
149|1809
1452|2067
2705|380
1442|1206
1767|1914
1442|1933
1285|969
2186|941
2186|1520
846|1520
285|1092
280|1223
1259|1223
1211|916
206|2563
2277|2563
940|2563
2271|2563
1209|2563
2520|2563
1596|2563
1069|2563
280|916
796|2563
771|2563
832|2563
373|2563
1382|2563
1209|2349
2157|2563
210|2563
487|2563
97|2563
793|933
793|2479
1442|2479
1907|615
793|615
1442|615
793|368
1259|1113
280|1113
2705|1113
1211|1113
2465|1113
1259|916
1004|2444
2395|1276
373|837
1358|1630
2264|530
612|1034
1275|208
1275|110
1275|1727
2690|1630
1358|1093
1083|1164
1907|1404
1907|1546
1907|1089
1907|2012
1907|362
1907|1655
2264|2444
1254|1164
1137|789
1057|486
145|489
2487|2287
1057|2287
2065|564
2260|564
1692|564
1429|1630
2621|2243
1429|361
1429|2518
1429|87
1429|791
636|2220
636|1522
1907|2525
1907|1484
1907|1207
1137|2508
1137|2443
2044|192
1691|192
1137|192
1137|1560
2044|2508
2044|1286
1907|631
1137|1286
2044|1094
1137|1094
2044|1230
1137|1230
2044|789
2044|2443
1137|1276
1691|1276
2044|1276
1137|1852
2044|1852
1382|512
635|512
832|512
2157|512
1382|1630
313|1630
1382|225
1907|154
1907|2496
1907|1003
1907|2210
1596|2349
796|2349
771|2349
2607|2228
373|615
1382|615
373|937
373|878
156|555
2452|555
54|2228
771|615
965|2228
2452|2228
2607|2282
2452|2282
54|537
2607|489
2207|615
1209|615
373|2349
2271|777
635|1145
373|1145
771|559
373|559
210|777
2157|777
1209|777
2271|615
206|777
771|777
1382|777
373|708
97|615
2157|615
156|489
54|489
965|489
2207|1362
2207|2444
2207|244
931|2312
2207|2312
931|2194
931|1362
373|1034
2452|489
452|1034
373|2696
771|1709
373|1709
771|1143
373|244
931|2444
2207|963
931|963
2207|2518
2207|139
2207|1972
2207|2506
2207|1197
931|1078
2207|1276
1908|992
1908|2106
1285|530
54|1470
54|1520
2607|1569
2607|1141
373|2015
1209|2015
97|2015
2514|418
635|963
373|1219
97|418
210|418
2157|418
2271|418
1209|418
210|1164
206|418
771|418
1382|418
2405|418
97|1164
487|1164
796|963
1209|963
487|963
97|963
1382|1655
373|1655
206|1655
1209|1655
2157|1655
452|1078
487|1078
796|1276
206|1276
1209|1276
2514|1276
452|1276
487|1276
2521|1164
2341|1164
2405|2496
1382|489
97|489
2521|489
2157|489
612|489
771|489
373|489
940|929
452|1164
97|1632
210|1632
1209|1632
2157|2496
1209|2496
771|2496
2405|1164
1382|1164
373|1164
635|1164
832|1164
771|1164
796|1164
1069|1164
206|1164
1596|1164
1209|1164
2514|1164
1080|1164
2271|1164
940|1164
2277|1164
2157|1164
905|489
33|489
2065|489
2318|1124
2318|844
2318|1276
2318|1848
2318|2129
2318|2506
2318|963
1907|1878
2318|1178
1907|1457
1907|1206
1907|762
1907|296
636|489
1907|1353
2318|1758
2318|2497
231|2228
1807|188
1191|742
1191|1255
1191|760
1191|2722
1807|375
1807|2629
884|1784
2195|1278
1191|1902
1191|2213
1191|1663
1191|1202
1041|2228
2017|1278
1907|805
1907|1426
1907|1048
2488|2444
2488|1093
1417|1093
2488|963
1417|963
2488|567
2488|232
2488|1103
1907|1933
2488|2348
1417|2348
2488|2194
2488|239
2488|812
59|1705
2488|1034
2488|2384
1417|1630
2488|1630
2488|969
2488|1197
1611|1362
1611|2194
1611|2348
1611|963
1611|2467
1611|1093
1611|1034
1611|1630
1611|1197
1611|1053
1611|1276
1191|139
1191|2140
1191|2424
151|1781
675|1432
151|1726
518|1726
1421|2423
518|2423
151|1477
518|1781
518|937
151|348
518|348
1421|1361
151|1361
518|1361
1421|937
412|1485
2052|1485
126|415
126|432
126|2459
126|532
126|1686
126|2335
412|1058
2052|1058
412|741
2052|741
412|1514
412|1361
2052|1361
412|1486
412|2349
151|937
1421|802
1191|2301
33|2287
1999|1659
905|1093
145|1093
1999|1093
1999|1559
1999|2683
145|2287
151|802
1999|2287
33|538
1999|538
1999|1669
1410|115
1009|380
905|1659
33|1659
1999|2719
905|2719
33|2719
1999|2677
1999|941
33|941
1999|1151
1999|2161
905|2161
2065|2161
518|2289
151|2289
1421|2289
1421|1866
518|802
1405|2228
231|1021
1057|1193
1442|1094
31|615
31|2479
1442|1276
1907|1276
1104|1276
2634|1276
793|1094
473|2256
1907|1094
1104|1094
2634|1094
1907|2316
2634|2327
683|2164
473|1646
931|1279
1405|453
563|1546
2112|1878
563|1878
1452|1878
1271|1878
1624|1546
2112|1546
1452|1546
931|1630
1271|1546
342|1141
2389|1141
1452|154
2112|1562
931|2220
907|453
206|453
683|453
476|606
1501|192
449|817
2260|2161
2065|1852
2260|1852
1692|1852
1057|606
1907|453
145|606
2065|2159
2260|2159
1692|2159
33|1630
476|1193
58|192
127|192
1827|192
651|192
1211|192
1135|192
2207|1863
2207|517
2207|1630
2207|1513
2207|1705
946|197
946|495
1907|495
946|1260
1907|1260
946|453
1624|1878
487|1872
487|1026
1907|1920
373|2433
452|2433
1907|318
796|573
1442|1920
793|1920
373|1920
1442|1076
279|1920
2207|1920
452|1920
1104|1920
1907|2247
452|2247
793|2433
1104|418
1498|418
332|418
373|418
1907|418
793|418
1254|418
1104|549
1254|549
1104|777
2207|777
1498|777
332|777
373|777
1907|777
793|777
940|2247
793|1076
1018|2431
1018|794
460|794
1662|794
1261|794
744|794
2596|794
38|794
2305|794
1907|1076
1853|2431
460|2431
1662|2431
744|2431
2596|2431
38|2431
1853|794
581|794
734|794
358|794
38|963
1853|963
734|963
1853|2611
2596|844
1104|1076
940|1076
796|1076
452|1076
612|1076
1596|1076
1498|1076
373|1076
2271|837
2271|1920
2016|1775
907|79
946|104
946|489
907|1328
2277|959
907|959
946|959
946|79
2277|104
2277|777
1080|777
1069|777
2097|777
2207|2563
97|1457
907|104
1069|517
1135|916
642|1276
1135|2164
1211|2164
1135|453
280|943
2465|482
642|2661
1722|192
487|517
642|192
1722|1094
642|1094
487|1705
2521|1705
1069|1705
2277|1457
2271|1457
1209|1457
1209|1978
373|2012
1382|2012
342|2012
1271|2012
2735|2506
97|1978
206|1978
206|1457
771|1978
373|1978
342|418
1271|418
46|418
210|454
771|2012
1069|2012
206|2012
1596|2012
408|812
2271|2012
97|2012
563|1457
2097|1457
1382|1457
2157|1457
2207|1457
931|1457
2405|1457
373|1457
771|1457
1069|1457
676|916
280|751
771|1920
452|1178
658|1049
658|545
658|1383
683|555
635|717
1382|717
1382|1349
2458|2407
452|1670
313|987
452|1630
1382|352
313|2444
635|2444
658|941
2458|241
280|1673
2465|1490
2458|2164
2465|453
280|453
1827|453
2458|453
2204|453
280|1490
2458|197
280|1763
2465|1420
280|1420
280|512
2458|512
280|197
452|1746
452|1279
832|1897
2465|1432
1069|1933
487|1933
2659|153
1236|615
59|916
848|969
1135|1432
1907|1897
1211|1432
280|1432
2748|1432
280|1612
1135|2285
2748|2285
2585|1933
1382|1933
946|1933
206|1933
1596|1933
1209|1933
2157|1933
452|1933
1533|1933
946|1456
1907|1456
635|1456
683|1456
206|1456
1209|1456
2157|1456
1533|1456
2271|454
1209|454
1596|454
612|899
2277|564
1827|564
97|899
2521|899
2157|899
796|899
771|899
118|1164
373|899
1382|899
97|933
2271|933
1209|933
206|933
1827|1164
1444|1164
771|454
373|2508
373|2545
1382|2545
1827|243
97|2508
487|2508
1209|2508
1827|1181
796|454
796|286
373|286
2277|1914
373|1914
1827|1002
1827|418
771|933
373|933
45|1094
2610|2349
1596|2494
931|930
2207|930
931|2348
2207|2348
127|1094
2610|545
1819|1094
2610|2415
1098|1276
1419|1276
1419|517
1419|1279
2356|1775
1209|154
683|489
612|1093
1596|1093
1209|362
683|2012
683|1206
206|1206
1209|1206
452|1206
206|1878
1209|1878
2207|2113
2735|963
1613|1094
2278|1094
191|1094
2157|2545
373|2228
796|2228
2097|1933
2277|1933
2271|1933
771|1933
373|1933
931|1933
2735|1933
931|1758
2514|2667
2207|1758
931|1522
2207|1522
2207|812
1247|537
1275|1172
97|1933
373|2574
771|2574
1209|2574
97|2574
373|1458
206|1458
1271|1164
2450|1164
563|1164
1297|1164
2389|1164
342|1164
2434|1164
2735|1164
1382|454
373|454
2514|1705
2514|2529
1069|2228
1209|1178
1491|1199
1962|1199
652|2349
652|1178
652|1485
2514|1178
206|1178
32|625
796|1178
2277|1223
487|2228
2521|2228
452|2228
1209|2228
1373|2243
2064|2243
1097|93
1097|1250
39|1250
1960|1230
1691|1630
1960|1630
2465|1630
46|1606
1452|1606
1580|2188
1915|2533
1416|2540
1596|2540
32|1279
32|2348
280|2164
2465|2164
2458|1809
156|2515
156|1522
156|885
636|1856
636|2598
156|2598
156|692
636|2076
487|1490
156|2076
487|812
658|2611
829|2611
156|243
658|243
487|1522
156|963
1442|755
129|2510
2395|2298
2379|530
2379|2194
84|2599
129|1389
129|1972
84|2510
156|352
1817|2510
129|2370
1817|2370
636|555
156|222
156|1078
485|453
658|453
800|453
1907|1914
1442|1878
793|1878
1442|1457
793|1457
793|2012
1907|2159
1442|1467
688|453
1907|1467
1442|296
793|296
793|1527
1442|629
1907|775
1907|2749
1442|2749
1340|192
1355|192
1253|192
2345|192
1355|1276
1253|1276
2345|1276
2514|677
2514|1664
2514|1470
1641|1197
156|2194
800|1470
658|1470
800|868
2395|517
1900|517
2530|517
563|2228
1945|2228
1884|2228
342|2228
2112|2228
2097|2228
2389|2228
310|2228
1945|489
2061|2228
1452|2228
1625|2228
1271|2228
2607|1266
2607|1072
2450|2563
1452|2563
2061|2563
310|2563
1297|2563
2389|2563
2097|2563
342|2563
1884|2563
1945|2563
2491|2563
1571|1630
2394|1630
295|1630
149|1630
32|1630
373|2302
2607|2545
1884|489
1373|517
2530|1705
636|1520
2745|1520
2610|1520
2718|1705
1891|1705
1373|1705
1900|1705
342|489
2395|1705
2395|2084
2718|1549
1373|1549
2530|1549
131|517
1271|281
1452|281
1297|281
1945|281
2607|281
1452|483
2607|483
2507|512
2097|512
1884|512
2607|512
1271|489
1625|489
1452|489
310|489
1297|489
2389|489
1907|516
1907|755
280|2545
1211|2508
1525|1183
800|1183
2607|2533
1525|2533
2452|2533
1135|2508
127|2508
2607|1183
1211|699
1111|699
1319|418
2395|418
1319|489
648|489
732|1183
1044|2228
793|1933
648|2228
2607|509
1111|2563
127|2563
1525|2563
1211|2130
1319|2228
1111|2228
800|2228
485|2228
1882|2228
732|2228
688|2228
1368|2228
1525|2228
1882|489
732|489
1525|489
2465|608
800|281
2452|281
2607|411
732|411
1525|411
800|411
280|608
800|489
2458|608
280|1712
2465|208
2458|208
280|974
2458|974
1525|281
732|281
1319|281
1525|1920
2607|1920
1319|1920
1135|1920
1525|899
2607|899
568|1248
1135|2010
2607|2238
1525|512
1111|141
1525|1141
732|1141
1319|1141
1319|509
2399|1141
2232|1141
683|1920
1836|2228
2399|286
2682|418
2232|418
2399|418
2399|2433
2682|1920
2659|2336
2232|1076
2399|1076
2659|2349
2138|2349
2659|941
2659|2180
15|2228
2399|2228
2232|2228
2682|2228
2399|777
2232|777
2682|777
683|777
59|2557
2254|919
2254|930
45|381
45|2378
1728|755
45|755
1728|760
45|760
2659|917
2138|2336
2502|1141
1466|1520
683|154
946|154
485|851
485|489
1466|1101
1466|1093
1466|1490
45|455
1466|2289
32|555
650|2220
32|2220
149|2220
1358|2409
946|2397
946|1367
946|2542
946|570
946|1207
946|564
906|148
946|1914
683|963
907|963
946|1223
946|746
946|941
906|1705
683|1705
946|1878
2278|455
922|812
1518|1630
1611|567
1211|2506
1442|1630
1209|1630
1596|941
796|941
940|1630
1596|818
683|959
946|1593
683|1593
1596|2348
1611|1178
54|2023
1211|1178
907|1593
1211|2710
1611|844
1841|1513
1211|844
796|2348
2491|1513
612|2348
1211|1053
1251|2194
1209|762
1209|1467
1907|2048
1282|1276
2577|2194
2488|423
45|2415
1291|1488
2232|411
45|2144
1186|1488
1291|252
1186|1705
598|1705
45|545
2610|2113
1675|1276
1282|139
1442|198
1675|139
1282|1520
170|380
1282|380
1675|1420
1209|631
2610|1866
1211|1197
1211|1630
45|2060
1211|963
1259|139
1493|2497
54|389
1359|2497
1493|1848
749|812
749|2444
1449|2506
749|2083
1493|2506
1429|963
749|1597
2550|139
749|2220
54|2225
2296|963
1611|315
2058|1279
1611|2444
54|690
1611|139
54|1002
1611|192
795|139
2739|139
1449|2497
1568|1725
210|512
1211|2444
206|512
1211|2348
1611|2628
1209|512
1611|1279
1209|2270
2491|1093
2196|1286
54|2229
54|2322
1568|1329
2277|928
1568|1520
54|306
443|1630
2739|1286
795|1286
2261|1286
1297|1569
1297|1246
2488|1276
1710|2194
187|2194
187|512
1907|794
533|1432
1069|794
551|1432
589|2696
1473|1432
1209|794
1817|1432
280|2472
2577|2472
1280|2472
280|2710
391|2103
1030|389
2055|2710
395|2710
2577|2710
1280|2710
1817|2710
391|389
1030|1583
460|1914
1710|974
1280|1432
2577|1432
373|794
848|2467
940|1933
471|1656
280|268
2038|2164
280|366
931|1595
848|1279
2207|226
848|453
848|963
652|150
1710|1432
848|1093
848|1630
2207|1595
2207|1456
1557|608
1280|608
1464|608
1557|1432
589|578
187|1432
391|1583
187|2545
1280|2545
2488|1490
395|2164
2577|2164
1280|2164
551|2164
1464|2164
187|453
1280|453
533|453
785|453
1830|453
642|453
187|2164
1280|448
187|2444
2577|2444
1280|2444
1830|2444
1789|2444
2488|2506
1280|482
1817|553
2488|1053
2055|2164
1557|2164
551|1078
2488|1522
2488|1279
1557|916
1280|916
785|916
1464|916
2465|817
280|817
1557|817
2577|817
1464|817
1557|963
2521|794
187|963
1710|963
2055|963
2577|963
1280|963
533|963
1464|963
2465|1531
280|1531
2055|1531
449|1697
1819|2023
201|1916
1133|680
1133|1361
471|1404
2261|1441
2711|564
1133|229
2488|1911
1133|1887
1133|741
2308|1279
2207|1279
796|1279
2308|1856
2308|1664
2207|1664
1133|1058
2308|489
2207|489
1133|1385
2308|1640
2207|1640
796|1470
1133|2229
1596|1470
1853|1404
2196|1441
460|1404
2739|1656
1133|2349
539|153
2261|1784
58|153
1259|1784
1133|2663
54|153
2196|1656
1728|153
1613|153
1819|153
2550|2076
2261|1656
45|153
2196|2076
636|153
2596|1404
2739|2076
1662|1404
2261|2076
939|1404
1133|1092
2308|615
2308|1034
45|2023
2308|1972
2308|1878
2207|1878
412|1219
412|1255
201|1028
1819|2623
39|2415
918|1094
280|1708
2394|1762
32|1762
156|1771
636|1771
1907|2194
444|1094
1730|1432
1137|2194
636|2194
1730|2164
1571|2684
1730|453
156|2684
918|1916
918|120
2207|174
2735|1450
2308|243
1133|2531
2308|1630
1301|1630
558|1178
2308|987
2308|1078
1301|1094
2308|1414
558|1094
558|2444
1412|529
2308|1705
2308|2545
2308|2667
2308|1513
2735|916
2308|246
2207|2159
2207|1450
2308|1178
2207|1178
931|1178
45|2050
1301|1093
636|2349
58|2349
2736|2165
636|2289
45|1425
54|2415
1728|2415
1819|2415
54|2349
471|615
1728|2144
939|615
1819|2144
939|2496
2182|141
39|2144
54|2283
54|141
54|976
439|941
849|1432
814|545
54|2289
984|1432
1728|545
373|11
45|2289
1819|2289
1613|306
54|1725
45|821
97|1034
539|2583
1819|2583
54|1092
2736|1034
814|306
54|2721
1728|306
2736|963
1907|1103
1819|306
45|306
636|306
539|2289
2157|2444
2003|2289
29|2289
1907|2444
2736|2444
814|2289
984|2285
636|545
984|2719
2682|489
45|1171
2399|1809
1728|941
636|941
539|2349
149|453
2182|2349
1405|489
681|2349
231|489
795|1208
1728|1171
2232|489
2399|489
15|489
602|2349
1836|489
2196|1784
2682|411
814|2349
469|2349
2739|1784
1819|1171
1819|1201
849|53
2399|609
539|2203
2003|2203
849|1113
681|2203
984|1113
617|609
602|2203
29|2203
2232|609
658|2289
2739|1208
1613|1201
2718|1276
814|2203
469|2203
54|2203
658|1016
1819|2203
45|2203
636|2203
1728|1201
617|2228
796|1933
940|198
612|198
563|198
1373|411
1152|489
2535|2336
373|411
1429|1276
178|1276
2535|706
178|1630
2535|2397
1429|2540
2535|1002
683|411
1556|1593
2535|941
487|198
2417|1593
1556|77
2264|1279
1556|1914
1069|198
2264|2628
97|198
1625|198
1461|1513
1297|411
1853|411
1853|119
2295|963
212|1911
460|489
2085|1933
2295|1911
1853|899
2738|1630
2465|963
558|1630
280|963
2465|2444
1271|411
280|2444
1568|741
1853|2210
2207|2298
2207|1196
2207|2397
1853|281
2521|411
950|2228
97|411
2061|198
2264|2362
832|198
1297|198
1652|1439
97|281
1938|1094
1373|281
957|1094
1039|1094
59|192
2567|1094
373|281
54|192
1652|1094
2278|2327
494|1094
1524|1916
59|2327
54|2327
683|281
2484|1916
946|1113
2321|356
957|1276
1039|1276
1652|1276
1652|1028
2521|281
1039|1028
2277|198
2097|198
342|198
2264|2494
1373|198
373|198
92|2228
683|198
1209|198
2264|2194
1624|418
452|198
494|2104
2264|963
2097|1928
2264|1597
342|1928
1271|1928
2264|2497
2507|1928
1452|1746
2066|963
931|198
212|963
2295|141
946|2077
2085|1260
2621|1092
1662|2228
1218|1486
2621|150
552|1486
2621|1520
54|1486
1728|1486
2621|971
1297|2640
787|1486
1853|2640
1662|2640
1728|2342
1452|286
1662|281
45|2443
552|844
2621|2349
2621|1432
395|1432
54|844
1508|1432
1853|916
2502|2228
2621|1361
787|1058
1853|2228
280|1093
45|1475
1218|1058
1832|1058
767|1058
552|1058
1728|1058
2488|243
45|1058
1728|1103
1185|2228
45|2678
54|1255
1153|1279
2621|2669
45|742
1218|963
552|963
2621|1017
2621|690
45|2176
2040|1362
1402|1432
1508|2285
2025|1929
2040|422
1301|1276
1301|1270
787|2349
1298|2004
1104|2587
71|2004
2052|2349
2025|817
54|453
71|934
2530|1103
2085|812
2514|2431
946|777
2085|777
1853|489
2085|941
946|2545
212|2362
2295|2362
212|141
1853|453
54|1559
1728|844
2621|2286
1508|2719
45|844
1508|1113
1728|721
575|564
2040|87
1611|969
1218|2349
187|1505
767|2349
2621|817
2040|1630
460|2228
2621|389
552|2349
1853|1266
2040|1505
97|1630
187|1549
2040|1549
187|1630
1853|2349
874|1754
1452|899
1039|659
2735|1197
1069|1206
373|715
940|1206
1452|1206
563|1206
2157|715
295|2228
2097|1206
2405|1206
1382|1206
832|1206
771|1206
1001|2228
2271|1206
2277|1206
771|1093
796|1093
1191|28
97|1206
97|132
1211|1276
1211|1093
373|1589
2181|411
2181|489
2271|1990
2207|1958
931|1958
848|2312
2737|2147
2659|1590
497|1093
497|537
2659|2019
39|2349
416|537
39|2229
2659|123
2181|2228
285|2426
2271|1456
1827|1093
1827|1775
2735|1958
2254|1513
2061|418
228|1513
373|1990
2254|1863
771|1589
1211|1094
1211|1230
228|1727
373|1404
1209|453
81|1633
771|1404
931|2218
81|1664
206|1404
1382|1878
2723|1329
1209|1404
2157|1928
2157|453
2271|1404
832|1878
2157|1404
2271|1878
2207|1928
2277|1878
452|1404
2207|1420
832|836
97|1404
1209|1021
1209|1968
1211|1279
373|1045
1209|1589
940|1457
1853|1276
2735|1630
1382|1034
1452|1457
2596|2418
113|1178
1881|1630
452|1457
999|1705
97|2706
452|1045
2514|916
373|2706
635|2706
771|2706
1411|453
1209|2706
2271|2706
1411|959
2405|1878
1613|300
810|1574
1297|899
45|300
2436|2667
793|2545
832|1470
2436|2545
961|2229
1950|1078
2436|987
793|1630
491|1630
16|1630
138|1630
874|1630
2436|1034
2207|1386
2308|1386
2436|1386
2308|549
506|549
2308|1462
2436|1856
2735|1758
587|1773
2735|1276
1498|1206
874|1705
138|1705
1373|489
45|969
494|659
1373|899
931|2165
1039|1705
2112|1814
874|1092
683|899
342|1814
2567|1593
494|1216
506|1705
732|615
471|2109
652|2229
471|2496
1373|615
1104|1655
1104|1206
874|2229
2436|1705
16|1705
59|517
793|1586
793|986
1301|1964
126|1395
126|879
353|916
353|2285
328|1848
2281|2285
939|1386
353|941
1301|139
2281|941
353|1705
2281|1113
2281|1705
353|1432
2281|1432
2281|608
471|1386
1613|2620
2281|1574
45|2573
1613|2573
45|1176
126|969
970|969
59|741
939|1094
353|741
2281|741
810|741
353|1594
59|380
353|380
81|339
2281|1775
471|1094
353|1559
353|1092
1837|2553
1008|1092
353|699
452|1094
353|1520
2281|1520
1596|1094
2058|2652
353|1093
2281|1093
353|1113
1137|244
156|851
1931|2397
1211|812
54|380
280|812
2705|115
127|2164
2534|115
702|1705
962|696
2535|2023
1821|380
1755|115
1533|453
320|632
1211|372
1209|1928
1931|1485
2534|632
2705|812
320|1826
1846|1630
2708|1058
280|1237
32|489
2252|696
1195|1279
233|83
280|699
37|1746
1973|2164
778|2164
1819|941
54|1563
373|1809
45|1317
2535|2256
1687|1834
320|1991
2308|2178
210|545
2232|615
2278|1317
2399|615
1755|1689
1821|322
895|1834
2535|1725
1071|1058
2236|1705
2745|817
2329|1705
2534|1582
2535|1887
1135|2000
1624|2228
320|115
54|817
2535|2322
1557|115
1494|1834
1639|746
1370|1630
778|1432
1931|479
320|974
1797|751
1400|1593
2447|366
320|257
342|1593
2112|1593
849|1016
1557|257
1518|453
320|268
2705|268
1195|844
1297|1593
1135|372
895|1453
1989|2228
1687|888
1755|268
563|1593
320|260
320|1046
1557|1046
1931|932
2534|1046
45|1267
2705|2164
2252|1453
1209|516
1466|1058
1973|1432
1608|2166
1195|1124
1370|2166
1613|397
1195|77
39|397
280|160
849|1520
1971|555
269|489
1755|2685
481|192
849|150
2157|516
1687|696
37|489
1195|192
481|844
1557|1192
280|489
895|696
127|1432
849|2721
320|1748
206|1928
849|1017
320|86
373|986
1755|1046
1033|1848
2308|741
1064|741
895|2721
895|1520
1687|1520
1106|741
59|700
1033|1630
2252|1520
2488|1078
2338|741
1033|2633
59|2544
962|1520
1494|2721
1102|1197
593|1838
2406|969
1004|1438
280|2203
1033|1438
1687|1112
962|985
593|867
2252|1112
1980|2203
874|1053
2308|2203
1177|1520
2252|1834
1494|1520
1033|1178
1373|1279
962|2721
1106|2203
2252|2721
1102|2348
2406|150
2308|2256
1033|1276
1177|150
711|1279
1106|2256
97|986
2271|986
895|150
131|2312
1931|2203
1687|150
1687|2721
2252|150
2718|2312
962|150
1209|986
280|741
2406|1520
1064|2203
54|745
593|366
1033|2444
2682|1404
202|2223
412|306
1494|2572
1935|1404
280|123
1755|1144
2535|1049
962|1834
1184|721
593|1432
946|512
2535|1520
1184|941
1931|229
206|986
1931|2349
2534|428
1980|2349
59|677
320|12
562|1329
2356|555
1184|2349
771|986
59|1513
320|1148
249|2178
1931|2283
59|2719
1931|2663
883|1109
883|2349
353|392
962|1112
1184|2203
46|1404
59|115
2232|1404
1931|1092
1687|2572
2399|1404
202|1101
2093|380
2093|561
874|537
2308|123
2621|1049
2308|329
1106|123
1611|1509
1915|2228
1064|123
895|2572
2659|1109
320|1144
137|229
1995|1404
1611|812
310|1593
849|1329
127|1124
796|1928
127|844
408|974
280|1831
1135|1276
88|1077
1819|2601
922|916
2705|1630
497|916
1837|2370
88|594
95|916
1211|976
280|243
156|1197
45|2601
771|1928
88|2556
280|1276
127|1276
373|1928
1907|1197
855|1916
408|699
497|1673
1931|1785
1135|2328
45|2687
1518|1432
2394|2220
795|1276
1412|1276
45|123
1819|397
156|2608
2278|721
1287|1276
45|721
1184|741
1819|2687
45|941
32|1977
1135|844
1211|2328
408|976
280|976
1827|2084
1518|969
918|1276
1907|1977
2394|1977
88|2203
2465|1276
922|699
1102|1630
54|1094
223|1630
2357|2497
2730|1277
408|1420
1971|1270
2730|139
2356|1270
1137|963
32|2497
2730|2301
1797|1630
1907|963
2730|163
1135|1094
1211|1227
1967|2478
156|244
54|2510
1211|2633
1967|1981
1135|2510
444|1916
863|2518
1135|2633
1797|969
2730|28
1135|2503
206|837
2356|1630
206|2479
1211|2503
1135|1078
497|94
54|1848
1137|1630
2465|2661
1211|2648
2016|1630
373|2479
408|2164
1907|1630
1797|2348
497|453
1135|2506
2705|1432
2016|2348
2276|1916
1135|1393
1211|1447
1211|2512
32|1078
1819|312
466|1276
2232|1593
45|2342
497|192
795|192
2399|1593
1211|1124
1287|192
408|608
2708|1597
15|1593
1287|1094
2252|2273
280|2346
1819|194
918|1705
1980|741
2278|916
37|974
1498|615
1819|545
1211|608
1518|916
497|1276
320|2396
2061|1593
320|401
2278|2415
1989|987
1452|1593
2534|1396
280|537
2450|1593
280|1583
1819|2376
54|1124
1271|1593
1755|2396
1466|141
201|1705
46|1593
45|1103
2465|1583
795|1094
2682|1593
922|608
1819|791
45|1486
408|1432
497|1432
2278|2342
922|1432
1135|1124
1498|1933
895|2273
1104|615
1104|1933
156|2220
2278|1486
636|2348
2708|502
