1374|2545
925|2210
2681|1223
1388|2378
925|1933
925|775
534|1705
1217|1362
2681|746
1374|1958
1309|888
2681|963
1357|986
438|2147
925|1484
2294|1206
1091|110
442|232
2489|715
925|2749
1307|1574
2294|762
2523|831
2681|1878
1307|1594
1309|1453
925|154
2681|1705
1307|741
925|1878
442|567
2294|296
2489|418
2489|1219
2489|615
2681|941
1388|381
2681|453
2523|1520
2681|1914
2523|699
2681|1260
925|1353
2523|2164
1388|755
2523|1166
442|1197
1307|876
2681|1367
2294|1457
2681|2397
442|2194
442|2348
2523|392
925|1207
1869|2529
1374|2506
2681|154
1869|1664
605|1432
1307|941
2237|1914
2681|2542
1357|1586
2681|495
442|2384
2681|148
2489|454
442|2444
1307|2285
2523|1092
925|631
2681|564
925|1527
1374|1276
2681|197
442|1103
2523|1559
2681|1207
1217|1630
298|1773
1388|760
2681|570
1217|2194
925|629
1307|52
1307|1093
2294|1048
925|1426
2319|2433
925|1655
1217|1053
2294|1426
1091|537
925|362
2319|1920
1307|1520
1454|919
442|1034
925|516
442|1093
1091|1727
925|755
2319|1076
2523|941
1217|1093
925|2525
1307|608
1374|1197
2319|777
2489|2015
925|1467
1532|2557
925|296
1307|1113
2489|2496
442|1630
1309|1834
2294|1933
1217|2467
2319|286
1217|1276
925|1914
1307|2240
1307|1432
2319|418
2489|1632
1307|916
2523|1705
925|2159
1307|699
2523|1432
1217|963
1307|2164
613|917
1091|208
1307|2557
1307|115
925|1457
1217|2348
613|2336
1307|1166
2294|489
1307|380
1217|1197
2523|1113
2098|455
2489|1164
1309|985
2319|2228
1309|2273
1307|392
2489|1990
1454|930
442|963
925|2012
1307|1705
605|2164
1307|1092
613|2349
2489|510
1091|1172
2294|805
1307|1559
1309|696
442|969
1309|2572
2523|2557
2294|1353
613|941
1307|1775
1307|2611
613|2180
1217|1034
1147|453
2726|2104
2294|1878
1309|2721
2402|453
175|2587
656|197
973|802
2343|916
2343|537
973|1866
656|512
781|812
2343|963
973|2289
656|1420
2402|489
656|1763
2343|453
142|489
2343|2444
656|241
2343|1486
656|2407
973|1361
973|1477
2469|717
973|1781
2343|721
973|348
1131|555
2343|123
2402|1266
402|2349
74|1383
2343|2342
74|545
74|1049
2402|1559
74|941
973|937
656|1490
2343|1103
1530|2161
697|741
656|1712
447|1630
2402|119
697|2531
1530|2719
697|1485
656|608
697|1887
657|751
1654|512
697|1725
1654|1630
1654|225
697|545
697|1092
697|1520
1530|2677
656|208
2637|2362
656|2164
2343|512
2343|2645
2343|2415
2637|141
656|453
2637|963
1530|1151
2343|1267
2402|899
656|1809
2637|1911
656|2545
2343|755
1530|941
656|974
1541|1432
2343|941
402|941
973|2423
402|1470
402|512
193|1514
402|1103
402|2678
657|2518
402|2444
2094|1933
402|760
402|1058
193|741
402|1255
657|2348
402|742
193|1058
402|963
402|2176
402|1753
193|1361
402|537
349|615
2118|941
1051|608
2262|969
2402|851
915|453
826|916
915|974
402|1475
193|1486
193|2349
2202|153
402|381
402|2378
402|755
657|1270
2402|2228
2724|1705
1782|2335
402|721
2469|987
457|2556
2469|963
2469|352
2469|1630
807|1432
457|594
973|1726
457|1077
402|2443
402|844
2469|1670
657|969
2343|2349
2469|1349
2469|225
2469|1178
2469|2444
2469|512
657|1630
1782|432
402|916
1782|1686
2724|969
1782|532
2094|1456
2724|1630
1782|2459
2724|812
402|2342
1782|415
2094|1897
402|1486
2469|1279
1986|1485
457|2203
2469|1746
417|411
697|1754
697|941
2002|1202
2726|1276
2002|1902
2002|2213
1007|2557
417|509
2726|659
2002|1663
1309|969
2114|356
1052|154
710|2228
2114|1754
2726|1705
1309|1520
2726|1593
184|1278
417|2563
2002|2140
2726|1216
1007|392
2726|1439
1225|2722
1877|561
2627|963
2390|375
1877|380
2390|2629
2726|1094
2726|1916
2390|188
1309|1112
2390|1784
417|2228
2627|2083
417|2130
2627|816
2114|1092
1052|1141
522|1630
2054|352
2323|2129
1205|1520
1374|2220
1205|1093
2323|2506
2054|489
1205|1101
2323|963
1205|1490
2054|243
2594|489
2323|1124
1374|1758
2594|453
2594|851
605|197
89|1470
2323|1848
886|1630
2323|2497
705|2540
886|2409
2037|1255
653|489
2114|2229
1635|1655
705|2348
1720|2220
1205|2289
1635|1206
2323|1178
2323|1758
2323|844
1309|150
1720|555
2323|1276
1225|760
2726|1028
1530|1659
1554|2397
417|2238
1554|2336
1530|1559
417|512
417|141
1554|706
1541|453
417|1141
1530|1093
1530|2683
1554|1002
1541|1763
1554|941
1530|2287
1541|943
2402|411
1541|2164
417|2010
417|489
1541|699
697|2283
2402|2210
543|2529
417|281
543|2667
431|677
431|1140
417|1920
975|2553
431|2557
417|483
431|1705
417|899
2402|281
417|1248
975|1972
344|1279
577|2178
1225|1255
417|1183
417|2533
344|1597
1225|2424
572|2228
344|2497
1225|2140
522|1705
1225|139
417|2545
1365|564
417|1072
1365|1914
47|192
1225|742
522|1197
2726|529
344|963
524|197
1530|538
524|453
344|2628
657|555
417|418
1530|1669
344|2362
417|699
344|2494
1056|115
1225|2301
572|2533
524|1260
344|2194
1056|380
417|2508
524|512
344|2444
442|239
2490|1003
2489|1093
1011|160
1127|930
654|2289
1127|919
2461|1164
1011|197
1399|397
654|1425
1011|512
1399|760
2489|132
654|2415
1011|943
1529|817
654|2144
634|1878
2662|2161
2461|418
654|141
1957|83
871|192
1011|1746
275|1863
2461|489
654|2060
654|2023
1736|495
1011|812
654|821
1736|197
82|453
654|2583
275|1705
1011|1237
275|1513
82|197
275|1630
654|306
275|517
1957|489
2461|1219
1011|489
654|2444
654|2203
1011|453
2461|1276
654|1201
2461|2349
654|1171
2662|489
654|941
1011|2164
1718|1208
1011|537
2662|2287
2662|564
2662|538
1718|1784
2662|486
1011|1583
654|2349
2662|1193
2662|1630
634|1206
2662|1659
2662|941
634|1655
2662|1852
634|1207
654|545
634|516
2461|963
634|1933
2662|606
1718|1697
1011|1763
1011|1490
1159|1593
2461|1655
1011|1260
2662|2159
2461|1078
2126|192
1736|1260
2126|1053
1516|150
2013|1094
1718|1286
1302|878
1516|1520
1302|1219
1302|937
1516|1754
1516|941
913|306
1489|677
1180|1630
1810|154
1810|2067
1006|453
1302|615
136|941
136|2349
1366|555
1516|1329
136|2240
1516|1092
1366|1141
472|512
718|1049
472|2270
2740|1432
1366|489
472|2545
1366|537
2740|2164
945|1093
1366|2282
718|2180
945|1630
1516|1725
718|1109
1516|545
1366|2228
1302|708
72|1569
2126|1197
1302|1145
1824|2220
2461|2015
1489|2557
1376|1705
2126|315
1489|1705
2126|2348
2461|2496
2126|2444
2126|567
2461|1632
2118|963
2461|929
2126|963
2126|139
2126|1093
2126|1630
1824|969
1489|2611
72|1246
1824|1597
1489|1140
72|489
2013|2316
1489|1513
1718|139
2013|2327
2142|941
72|2228
1736|2164
1824|812
1302|777
1824|2444
1736|453
1302|559
1824|2083
2142|1317
1824|963
654|2050
1732|1630
1732|361
424|246
424|2159
2490|1457
189|1276
189|844
189|1758
2490|1206
189|1178
189|2497
2473|789
779|2384
424|1178
2473|1230
2490|2012
779|1034
2473|1094
779|963
2490|362
2490|1089
189|1848
779|232
189|2506
1335|1630
1169|154
2490|1404
1169|2067
2490|1878
424|243
2231|1809
424|2545
2231|2228
424|2667
189|1279
2490|1546
189|1124
901|1630
189|2444
424|1513
189|963
2473|1286
424|1705
424|1078
901|2076
901|1762
2490|318
901|1771
2139|512
2490|1207
2490|805
901|2194
2139|1630
2490|631
901|2348
2139|225
901|2684
2490|2210
2490|1933
2490|154
2490|1048
2490|2496
2490|1484
901|963
2473|2508
2473|1852
779|2348
2473|1560
2490|1655
779|812
424|1878
2473|192
901|1034
1013|1219
2473|2443
1013|1255
2490|2525
1013|1486
2473|1276
1011|1432
2490|762
2092|2623
2490|296
424|1414
1257|380
1732|2518
1570|1404
1011|974
901|1705
2569|564
1380|916
1011|1712
901|2220
1729|192
1380|1223
1959|2444
779|1911
641|512
1380|2719
641|489
641|453
641|1630
641|2545
1959|530
1380|1113
1718|1441
779|1197
161|1164
1732|87
1732|791
1718|1656
1011|916
2461|2563
459|2220
1584|933
654|153
1011|2346
1584|2479
1718|2076
459|1522
1584|615
265|2243
1584|368
901|555
161|418
1380|2285
641|225
901|1197
1601|1092
424|615
1601|1520
262|1630
1601|941
424|1034
901|1276
1409|154
424|1972
1695|969
779|1630
901|1078
1997|1933
424|1630
1997|1206
424|987
1997|1178
262|1093
424|1470
1220|1727
779|969
901|1977
424|1279
424|1856
1346|1034
424|1664
1380|967
901|2608
424|1928
1380|504
424|2218
1154|2362
1220|208
1154|1197
424|489
1154|1276
1220|110
424|1640
1601|1914
2013|1276
2740|608
91|1145
2200|192
1387|1456
2200|77
1299|1549
2200|1124
409|2696
750|2247
1299|2084
1387|1897
135|2103
2200|1279
2265|1878
91|1928
135|389
750|1076
91|878
91|1219
2265|1546
409|578
1299|517
2265|2228
750|1920
410|1972
750|318
410|1389
2208|963
1332|2376
410|2599
2208|2467
2614|2194
2208|1093
2614|530
750|573
2208|1630
1299|2298
2200|844
2208|969
1374|1595
409|2537
135|1583
409|1914
410|2510
2438|1490
881|963
881|1034
2622|794
1318|2557
1318|2611
881|1630
1318|1270
1318|916
1318|1113
881|1197
1318|1520
881|1053
881|1276
1318|699
1318|1092
1318|1559
1318|1775
1318|2719
2438|2348
91|615
1318|2285
1299|1705
91|545
2438|1279
2438|812
91|1914
2438|2194
2265|411
2438|1522
2554|1329
2622|844
1318|608
1674|1520
2622|2611
1318|1432
2622|963
1318|1705
1318|941
2208|453
2208|1279
2438|232
1374|1034
586|453
2489|2563
1816|1522
2489|777
705|1197
1816|1470
1816|868
2489|1045
750|777
91|2479
1374|963
1326|418
1816|453
1816|963
2489|2706
91|837
1816|243
1816|2194
705|1630
2489|1878
586|1021
2523|52
442|812
1374|1630
2489|1276
47|1276
2523|677
705|1034
1316|1705
2702|677
2489|1589
2460|2497
2702|1664
586|2228
2702|1470
2489|2349
2460|1630
684|1197
1326|489
1816|2611
1332|791
2027|1490
2027|963
2027|352
1374|1420
1623|1656
2027|1078
750|2433
2027|222
1332|194
1374|894
1623|1386
2027|555
1374|1522
165|2508
1374|512
410|2370
901|244
165|192
2489|1404
1332|545
1332|2601
1332|312
1374|453
1816|555
2027|812
1332|2349
2027|2076
1374|2218
750|549
2027|2515
1332|2687
2027|692
750|418
2027|2598
1374|1928
2027|1856
1332|397
2027|885
2027|1522
1318|2164
2438|963
1366|1569
1780|615
1780|2696
462|1630
1622|453
2403|2129
158|2540
1780|1034
158|818
2403|2506
827|154
2009|1362
2353|959
2009|2194
462|453
2009|2312
827|1562
2009|244
2403|1630
464|1432
464|1612
2009|2444
1780|1709
2359|2749
2306|1630
1845|2164
1845|453
1780|2302
827|1141
462|941
1780|1920
1572|615
464|943
1780|837
464|453
1780|244
464|2164
1780|1143
464|916
464|1712
2353|1593
1158|2220
2359|1878
2029|1034
2009|2220
2029|1630
2272|992
2029|969
557|615
2272|2106
2029|1197
2029|1053
1234|530
2029|1276
2403|1124
462|1920
647|1470
557|2479
647|1520
462|1076
718|2349
2009|1276
2029|963
2403|2633
2403|2444
1158|1630
462|2348
2009|963
1158|1279
2009|2518
2403|1438
2009|139
2117|1513
2009|1972
954|2256
2009|1630
2009|2506
2403|963
954|1646
2029|2194
2009|1197
2009|1078
1845|1432
2359|1457
2438|1034
2438|423
1318|700
2430|1486
409|453
1318|93
2729|1026
977|1488
2657|489
2729|1872
436|489
436|2545
977|252
436|1072
436|1266
409|1928
977|1705
409|2194
2359|1933
2430|2645
1318|2544
2359|154
2438|1276
2438|2384
1318|115
436|281
2438|1630
1318|2105
1318|1166
2438|2506
1318|366
436|483
1318|867
2622|2431
2438|969
2438|1197
2438|1053
1318|52
1318|1838
436|512
827|1878
2359|755
2359|1206
2359|318
2403|1758
2403|844
2359|1484
2359|296
2359|1467
2403|1276
2359|762
2359|1914
2359|1978
2359|1655
2359|1630
436|2563
2403|1848
2359|2545
2359|362
2359|2159
2359|2012
2359|2048
2359|1456
2359|1048
2359|1353
2657|2312
2359|516
2359|198
2657|1279
409|2302
2359|2049
2359|1426
2359|775
2359|629
2403|1178
91|986
436|2228
2359|2210
2359|631
2359|805
2359|1207
827|1546
169|1227
1483|1878
1051|1432
716|2084
1146|222
1146|1078
1146|963
1146|2684
1146|894
548|1276
1146|1522
1146|2312
1146|1771
1284|1276
1146|2102
1239|941
1146|2220
1239|741
1295|489
1239|1058
1295|1831
2160|1276
159|2256
1295|1630
1295|243
1295|2545
2160|2443
1295|1223
1146|2608
159|345
2592|608
548|2508
2660|2687
2660|545
2660|194
2660|2376
1190|2583
624|986
1190|1753
548|1094
1190|760
624|615
1190|1255
1142|42
1146|555
548|192
427|386
1284|1705
1175|1878
1175|453
1175|1260
1175|197
936|1630
1190|2349
936|1522
936|2312
2160|192
1295|1276
2160|1053
2548|1432
304|2046
2548|1260
304|1145
2548|453
304|192
2548|2164
968|1920
2548|916
2548|1712
2548|1612
968|573
304|986
1295|2130
1284|1094
968|1150
304|132
304|708
304|1630
2548|1708
968|564
847|2415
847|2349
304|1034
304|963
2548|943
2548|482
101|777
51|1386
1284|1916
2160|246
1295|2661
2160|1197
897|2611
897|2557
2160|969
1833|28
2160|1630
1833|1277
2160|224
2160|1093
1833|139
2160|963
1833|2301
159|246
2160|567
1833|163
2160|1230
1804|2478
2160|2444
1804|1981
2160|812
798|2396
2592|1432
2118|453
2592|453
2592|943
2592|1721
660|1197
660|489
798|115
660|1141
660|411
2592|2279
1313|1404
798|632
798|1826
1313|1878
798|1582
1313|1546
798|2685
1313|1089
1313|1457
1313|1206
2592|2164
1313|2012
1313|362
1313|1655
1313|2525
1313|762
2592|197
2592|1750
2660|2349
798|12
203|812
1906|561
993|1630
1906|2127
798|1144
1495|1276
2311|2077
1495|1630
2311|564
798|428
1495|2540
637|745
660|2228
798|1148
637|1636
2311|1914
85|1933
2311|777
798|86
660|1878
798|1991
2592|196
660|2385
798|1689
1313|296
1313|1484
1313|1527
798|268
2241|1078
2241|963
2592|1712
2241|1901
2241|2684
2241|1522
798|257
2241|2102
2241|812
1875|921
761|1630
1875|2431
1313|318
798|260
1875|570
798|1046
1875|966
798|401
1351|1065
798|1396
1351|1914
1351|615
1351|512
761|1863
2241|222
2241|2608
2241|2220
2592|1630
1313|1207
1313|805
1313|631
1313|2210
1313|1003
1313|2496
1313|1048
1313|154
1313|1933
2592|75
1657|2349
798|1192
1647|2349
1647|150
1647|1017
798|1748
180|2663
2592|916
525|1092
525|240
525|2023
798|974
2241|555
304|1914
1734|2397
304|545
1074|362
1074|2365
379|1329
1074|1467
1074|738
379|150
379|1520
1074|762
1074|1914
1074|1655
1074|2545
379|1754
1074|2159
1074|318
1074|2012
379|2663
1074|988
379|1049
379|941
1074|1206
379|2349
379|1879
1074|1457
1074|1440
379|2283
1074|1458
1074|1353
304|615
379|545
379|2415
379|240
1766|597
379|1887
379|1017
1766|1457
2021|1546
379|229
379|1725
2021|1878
379|2695
1074|1105
1074|1207
1074|1933
1074|154
1074|2015
1074|755
1074|1048
379|1361
1074|198
1074|2049
379|1092
1074|2210
1074|805
1162|1093
1422|411
1074|1878
1975|1457
949|1092
2121|2289
949|2676
1422|609
1795|1113
1975|1456
1795|53
1975|1534
1795|2719
1975|1897
1795|2285
1795|1432
1074|2749
2505|941
809|2164
528|976
809|1432
1156|2144
1156|2349
528|2283
1350|2496
1975|1593
1350|615
704|2540
2121|1016
230|1432
1422|1276
230|2164
1629|2667
1629|1705
176|564
1422|489
176|1914
1422|453
646|943
646|1260
646|2164
646|1025
1422|1809
646|1612
1162|2348
646|1432
2121|941
109|197
109|1260
109|453
2121|1049
109|916
2121|545
1679|1705
1422|2228
2021|1206
379|741
2021|362
505|1467
251|2349
251|941
251|1520
251|150
251|1329
251|1092
251|545
251|1017
251|741
251|2531
414|916
1284|120
2179|1094
505|489
968|418
968|1914
968|537
414|1705
2179|1964
722|1863
2179|2348
2179|2444
234|1727
234|1420
621|1928
621|244
621|453
621|963
1284|1028
304|878
304|2444
1189|489
1189|453
304|791
304|2479
1189|851
304|2327
304|1322
414|174
414|2298
414|517
2425|2228
2425|489
414|1450
621|1878
968|1164
621|1276
621|1197
621|2506
621|1630
621|1972
2361|930
1067|154
2021|1794
1766|777
2609|2719
2609|916
2609|1140
17|1705
379|1385
17|2084
968|2563
17|969
17|1549
17|517
17|2298
2021|1933
2179|139
2021|154
2021|2210
2021|631
2021|1207
2021|495
2021|1527
2021|1484
2021|1655
2021|987
379|1058
1766|2563
2609|2285
2609|1705
379|2229
2175|1314
2179|1630
1851|504
1284|529
2179|1178
1851|872
2239|512
1851|741
2239|225
1851|2540
1162|1630
1060|2349
1060|2415
379|2531
177|974
379|2023
177|2696
379|1485
177|2444
379|932
177|244
379|680
1626|1223
379|2397
993|1076
1858|1933
203|2194
55|1178
1139|1420
478|1432
1139|1727
2448|1092
478|976
478|1549
2448|2203
478|545
290|1404
478|2113
55|2497
55|844
733|963
55|1276
55|1848
55|2129
55|2506
55|963
55|1124
1139|2164
106|2365
106|510
1139|1432
106|1920
733|1124
733|2506
511|812
2448|721
1377|489
2448|2283
1377|2238
1377|281
2448|2349
1377|411
582|1276
2221|418
582|192
2448|941
582|1094
290|2228
733|1848
1823|2532
1471|1727
1823|1026
1823|1872
1683|453
2448|2663
733|2497
733|1178
733|1758
733|844
733|1276
405|2349
405|941
405|1631
2108|1058
990|1632
990|2210
990|2049
736|2203
990|198
990|516
990|1048
990|755
990|1933
736|329
565|1094
1117|941
405|545
2448|229
736|123
1014|2562
2108|741
2063|2557
511|2000
2063|2667
2108|721
2063|987
2063|1470
2063|1664
990|805
990|1207
990|1353
990|1456
405|2415
736|741
405|706
405|2336
2108|1987
990|2749
990|1878
990|1457
990|1206
990|2159
990|362
990|2545
990|1655
990|1914
990|762
990|1467
990|296
990|489
736|2256
990|1484
990|2048
990|1527
990|318
290|1809
1377|2228
290|615
169|2545
2293|789
1671|2510
912|2228
1671|1389
1671|876
169|699
169|1025
1558|1276
2221|1920
912|2533
169|916
169|974
912|1569
169|1712
169|1673
912|2282
169|1612
169|976
912|738
912|1467
912|489
912|1141
912|2214
912|483
2293|1094
2293|1093
2293|2508
2293|2503
169|197
1671|2370
544|987
1671|484
1618|2537
169|512
1618|746
1671|719
169|1420
1165|243
169|943
1165|969
1671|588
1671|429
169|1260
169|453
1165|894
169|2164
1165|1771
169|94
2293|1276
2293|2443
2293|192
912|281
912|411
1871|322
1323|537
2068|141
1323|192
1512|366
1323|1848
1323|2129
1323|2506
1512|2557
1323|1630
2068|1058
1543|746
1323|2712
1323|2176
2221|162
1323|963
1323|2444
1323|1124
1871|380
1871|1563
1323|2327
1323|477
1871|817
1323|1279
2221|454
1949|928
1323|1276
1323|844
173|2228
1323|1178
1604|1940
1604|2667
2221|1150
1604|2187
1604|1914
1604|453
169|1432
1604|1470
1604|1664
1604|677
2221|2365
2646|1520
2068|502
2646|1092
2068|1597
2646|1016
1235|2667
1235|1470
1235|1664
169|608
1323|2497
173|987
2221|1164
2063|677
1035|844
1858|899
1880|139
1129|941
2448|1485
908|2557
1880|812
908|362
908|969
2369|1206
1880|1509
1880|2348
1880|567
1880|537
908|1470
908|801
908|418
908|1484
1880|1093
908|1264
1880|1630
908|836
1880|1197
908|2587
1880|1053
908|2210
908|154
908|1206
1129|1049
752|1367
908|1593
450|1630
725|2732
725|1362
1129|2023
725|1446
725|1808
1129|2397
1129|2322
725|812
1129|1887
1129|1725
1304|192
908|1457
1129|2256
2369|154
908|1878
2369|1920
2369|631
908|2563
2369|1456
2369|1164
1129|1520
908|1178
2369|418
908|1933
2369|777
2568|2012
1858|1206
203|2384
1966|1206
203|963
2555|1078
845|1630
845|1197
1966|418
2555|2220
1966|1264
2555|555
1858|777
203|232
1880|192
2311|79
845|1053
1858|517
845|1276
1858|794
203|2348
325|2223
1858|489
325|1101
1858|535
1858|1527
2555|969
1966|801
203|1630
203|969
2369|1546
1430|745
2568|362
2369|1878
2568|1655
2568|1527
2568|1207
2568|2210
2568|398
2568|154
203|1078
2568|1933
845|2348
2555|812
1966|2563
2555|2312
2555|1522
845|963
2555|894
845|1034
2555|244
2555|2444
203|1197
2448|479
725|1756
725|2348
752|746
752|547
1552|1630
511|2648
1552|1286
511|1447
117|1276
752|77
117|192
117|2508
511|1094
2011|1276
2011|192
511|2633
2011|2508
2011|1094
752|941
1099|2540
511|2510
1539|2426
2654|741
828|110
828|1727
1371|2557
834|615
1552|1757
511|2328
1552|2046
752|453
1035|1276
511|372
1035|2576
752|570
1035|1197
1035|2506
1035|1630
752|197
752|495
752|1470
1035|2518
1035|963
1035|453
1035|2444
1035|2348
1136|555
752|1260
1136|1705
1136|2693
511|1124
1136|1885
1136|894
1136|1522
2393|1276
14|812
450|2166
2448|2397
1084|2384
511|2512
2448|741
725|969
121|1933
121|615
725|1630
1084|1630
1084|969
121|1655
66|1522
66|555
2393|2443
725|537
623|1016
623|1017
725|963
623|2721
623|1329
623|150
725|2444
1084|1197
623|1520
2448|932
1084|1034
725|1197
511|844
725|2159
2393|192
2393|1078
2393|1197
511|1393
2393|969
511|2506
2393|2712
511|1848
2393|537
511|1078
725|1911
14|2113
511|2503
725|555
511|192
511|1276
725|1705
1084|812
1084|2348
1084|567
1084|1963
1084|139
2448|1785
704|963
704|1034
1350|1404
1847|1386
446|154
1847|1856
446|489
1847|1462
446|963
446|1655
446|1093
1847|549
446|1078
446|362
446|2012
446|1206
446|1933
1847|1034
446|777
446|1878
1847|1630
1303|2113
1847|987
1847|1078
1303|963
1847|2545
1303|1034
1303|1972
446|2494
388|453
1745|2228
694|963
724|1559
1455|564
1455|1914
724|1092
183|1094
724|699
724|517
694|1863
694|2312
694|2348
724|1520
694|1630
769|1878
724|916
694|930
724|2557
694|1513
724|2285
694|2220
724|941
769|1546
724|1705
724|1432
724|608
1847|2667
2125|2228
1847|1705
1745|2508
2125|483
1745|418
1745|1002
1985|1276
2125|1632
1745|1914
2008|1113
1745|286
2008|1223
1745|1181
550|2327
2125|281
2516|1094
1745|243
550|192
550|2746
1745|2545
1483|933
1483|631
1483|1164
1483|418
1483|1589
1483|2563
169|812
1985|192
1985|2508
1985|1094
1745|454
371|1164
371|1914
2125|615
2584|453
283|2496
1745|933
283|2109
283|1404
2125|1490
2249|1546
2125|489
1745|899
2249|1878
1745|564
2249|1814
1745|489
2125|899
2422|2165
2422|2444
2422|969
2422|1078
1745|1164
2422|2220
317|555
317|1522
724|1775
2062|1176
1479|1590
2071|1279
2071|2312
1010|526
2071|2467
2071|969
2062|306
2062|1514
2062|300
1010|1630
1010|362
1010|1223
147|1197
2062|2573
2062|526
2062|2620
2062|1486
822|1386
1010|1457
147|2348
1010|746
147|1034
147|2384
147|1630
1010|537
1040|1093
1010|94
1010|963
1413|564
1413|1914
1010|389
1020|1527
1413|941
1020|1456
2124|1775
1010|1514
2124|1093
670|2426
1010|2444
1479|941
1870|154
2455|916
1479|123
1010|453
1798|2229
1010|2656
1798|2349
1904|564
1904|1914
1479|2019
1040|537
147|969
1061|1964
724|2164
1855|453
687|685
490|1727
490|1094
687|1775
41|2164
490|339
1521|1279
1521|517
41|943
665|791
665|1630
1521|1630
1061|139
1855|2164
2125|2563
1855|1432
1521|1276
724|52
724|392
1545|2415
724|380
1545|545
724|1166
1545|2349
41|1432
790|1972
1917|1092
2119|1705
1010|2349
1061|1630
1699|1848
1010|608
1010|1708
2053|2348
2053|1630
1620|1705
723|879
723|1395
1010|1878
723|969
2168|2298
2168|1705
499|2553
1010|1145
499|1972
540|1513
1010|324
335|2652
2119|1140
204|1094
2119|2611
1483|1593
2486|1562
1769|1513
2564|2285
1930|1630
1930|969
1930|1197
2564|564
1042|87
2586|2563
2564|1763
2564|1113
2564|916
2564|1223
2564|2719
1042|1362
1733|2286
314|1432
2586|777
2564|1432
314|2349
1619|79
357|281
357|286
1619|959
1619|570
1619|197
1619|1328
2586|1457
1733|817
1745|1223
2641|1630
2586|454
1936|934
1936|1929
1936|817
2586|418
2672|2431
2586|1978
1936|2004
2641|2348
2586|2506
2641|1270
2641|1276
1733|389
2007|1103
1042|422
1155|570
1155|564
2586|2012
1155|453
1042|1630
1042|1549
1839|1630
1363|1028
1042|1505
1619|489
1619|1260
1619|453
1051|453
2538|916
806|243
2538|751
2538|1673
1051|512
1051|1420
1051|943
2538|2285
2538|1612
1051|1763
1051|1260
1051|2164
357|2640
1051|1093
1051|916
1051|2545
1051|974
2538|1432
1051|1712
1051|1612
2118|1367
2118|197
2118|495
2118|1260
806|1197
806|969
2538|2164
806|1630
314|971
1619|104
314|1520
277|517
314|150
314|1092
277|1705
314|1361
303|1094
314|690
303|192
314|1017
303|1276
357|2228
303|2661
2538|197
2538|482
314|2669
2538|943
806|1279
806|2348
2538|453
806|963
2377|777
2672|418
2672|1470
1849|1276
679|489
1213|1593
1849|2540
679|2228
1849|791
1849|87
679|1878
1849|1630
1694|2188
2125|411
181|2533
2686|489
1481|2529
731|2540
1649|1457
2720|1279
2720|2348
2686|1513
2720|1630
2720|625
2720|2220
2720|555
2686|2228
1481|677
679|483
679|1606
1213|77
1213|1914
2486|154
2486|1569
2486|1746
2486|512
2125|198
2486|1928
1745|1178
407|1485
2486|1141
407|1178
2486|489
407|2349
2486|418
1079|1199
2486|286
305|2243
955|93
955|1250
2486|2228
2486|1546
2101|1230
2486|1878
2101|1630
1481|1664
1481|1470
2377|941
2586|2574
1434|963
1434|1025
1434|916
2125|812
2586|1933
1434|1432
2586|2015
2586|2496
2586|1632
2377|1933
2377|79
2377|1367
1481|2667
2377|570
2586|1458
2377|197
2377|495
2377|512
2377|2077
2377|1260
2377|453
2672|1705
2377|2545
2586|1164
1434|2164
1434|453
2146|1705
1434|2444
1481|1705
2462|2397
1903|1172
2462|1196
1903|1727
1903|537
2462|2298
1903|110
1903|208
2146|812
2462|2159
2146|2194
2146|2312
2462|1705
2146|1522
2125|2015
2146|244
2146|963
2146|1630
2146|2506
2146|1197
2146|1276
2146|1758
1010|564
1010|512
528|2349
1600|1372
1600|2557
1600|2746
1895|1197
1600|2285
1600|941
1895|1053
1600|1705
1600|1432
1895|192
1600|876
1895|1276
1600|2240
1600|916
1895|844
948|1485
1895|2710
948|2397
948|1385
1895|1178
528|2023
948|2289
309|916
948|956
1320|244
1600|1794
1600|1113
2325|225
1600|2164
179|941
528|2229
1895|1279
1600|93
1600|2334
1600|52
1895|2628
1600|392
1600|1166
1600|2105
1895|2348
1600|1775
1895|2506
1600|1531
1895|2444
1600|1559
1600|1092
1895|963
1600|699
1895|1034
1600|1549
1600|1520
1895|1630
1600|831
948|1016
62|1432
62|2164
291|1664
2373|831
2522|1093
2373|1113
2522|1992
2373|916
2373|2557
691|2348
2373|2285
2373|941
291|677
2373|1705
291|2667
948|2415
2373|1432
291|1940
2373|608
2373|876
914|933
914|631
62|197
914|573
914|512
1955|453
2451|489
2522|2166
2373|1520
207|844
207|1276
62|453
1320|1630
948|141
62|512
948|115
2373|52
948|2180
948|1092
2373|392
2373|380
2373|1166
2373|115
948|1049
2373|2164
948|941
2373|1775
2373|1559
948|2349
948|2283
2373|1092
2373|699
207|1124
207|1848
2131|2667
179|1754
2131|1470
1345|1920
1015|517
1015|1705
2391|2194
2391|588
643|1028
643|1916
2391|2510
2391|1389
528|1002
2391|941
643|1705
1345|418
1198|208
1538|1279
1345|453
1345|1914
1345|2205
528|690
1345|2563
1345|1878
57|1863
57|1513
1538|963
1198|1727
1015|2298
2391|719
2391|2370
528|1725
669|2165
669|11
669|1103
704|1630
704|969
704|1197
669|2444
704|1276
591|2529
591|1470
591|2667
528|1520
2668|812
2668|197
2668|495
669|963
528|2721
2668|453
669|1034
528|1092
108|2302
2668|1223
108|517
1198|110
1198|531
179|150
2041|1049
2041|1361
2257|2695
2041|1092
2257|545
2257|941
2041|1329
2041|150
2041|1520
2041|1754
2041|2663
1680|928
2041|941
528|2225
1680|1223
528|306
2041|2349
2041|1879
2332|1630
2041|2283
2131|677
179|2397
2131|1664
179|1725
2131|2529
2041|545
528|2322
2041|2695
2041|1725
2041|2531
2041|2023
645|2506
2041|1485
2041|932
645|1848
2041|680
2041|2397
2041|2229
2041|1385
2041|1058
528|389
645|2497
2041|741
2041|2415
2041|240
274|677
2041|1887
274|2529
2041|1017
274|1470
2041|229
274|2667
2325|512
2451|2113
1769|930
1982|2674
1982|79
500|2563
500|777
1982|1920
1982|2214
500|1878
1384|1727
1535|1329
1982|1467
1982|738
2474|1664
2474|1727
1982|1562
2474|1633
1982|777
1982|1546
2744|453
2744|1021
1982|1878
1982|509
2744|1968
860|154
860|294
758|959
1982|154
500|1897
468|512
334|916
1408|1094
205|1093
1408|1630
1408|1276
205|232
334|366
334|1763
334|453
703|2563
205|2348
334|2164
334|268
1923|963
334|1432
205|812
334|608
500|1933
703|1705
1020|1878
1923|816
500|198
1923|2083
500|836
500|1206
758|197
860|777
758|495
630|1522
861|2443
861|1276
678|28
146|1049
678|139
678|2301
1020|1206
2304|411
146|941
2304|2228
146|2220
1020|418
758|1260
630|2220
1953|411
1953|489
1343|453
1953|2228
1343|423
1769|1863
1010|1586
1010|755
1769|919
1010|2645
861|192
861|2508
861|1093
146|123
758|453
1269|1630
2386|916
2700|741
2700|1197
2386|1705
1020|1457
2151|512
2151|225
347|1630
347|1178
146|2531
2022|2479
2022|2418
2022|615
146|1110
2022|1276
146|816
146|2444
861|1279
861|789
861|1230
861|1094
205|1630
1650|226
1650|1705
2320|2348
270|2529
1617|777
270|1470
270|2667
2320|93
2420|411
1690|2144
2320|1258
2420|2228
869|2415
1690|2415
2320|685
2320|1630
2320|1775
536|2194
2320|963
536|512
536|553
2320|2518
2320|1034
536|482
2320|1270
536|2444
536|448
270|1664
1617|1178
1617|418
1617|2433
914|1164
914|418
914|1914
914|1878
468|225
2451|1866
1339|1707
2198|1420
2198|380
924|1276
2198|1520
1744|2302
1744|2194
1744|1928
2198|139
1744|2537
1617|958
2198|1276
1617|1076
1617|2247
1690|545
1617|1920
270|677
536|1763
2320|1802
1650|2159
703|1164
536|2472
2595|2443
536|1612
703|2015
703|2496
703|510
703|1527
1588|1456
536|1432
536|608
2653|943
2653|1727
1588|1897
703|454
2653|453
2653|2164
703|517
1578|2349
703|1549
2653|974
1578|150
2653|1432
1650|2298
1650|517
2595|192
536|2710
2595|2712
365|615
2320|2506
2320|2478
536|453
2320|909
2320|969
2320|1197
536|2164
2320|1053
536|1531
2320|1276
536|963
536|817
1588|794
536|916
2320|2046
536|1078
1770|336
2042|2113
536|2545
2042|987
536|974
536|1712
365|1709
1647|1329
798|2532
1380|1933
1351|708
2304|1513
2726|1255
1601|1028
275|2553
1733|1697
1604|192
1552|1633
798|163
975|615
1350|1559
2614|928
1845|2426
417|1286
703|2348
1541|969
2126|1878
169|141
1975|11
1623|198
402|502
1374|531
1309|2322
109|1144
1975|1105
427|1593
1539|1329
1380|2553
2568|2362
57|615
1357|162
184|192
55|2194
1495|139
472|1034
1982|2012
798|741
109|2384
2555|2557
1056|1725
1434|2721
490|2203
725|2180
2641|2228
524|2164
2461|1178
1588|1353
1217|1490
1845|1230
908|1630
1388|1546
954|1058
2175|1933
2622|742
1180|677
653|2322
1295|1026
1015|894
478|422
2614|1216
169|967
91|1920
2548|1447
1366|1885
305|517
230|741
522|2732
2092|1208
1695|530
304|2545
2319|119
1982|2533
1377|453
1052|1164
2654|1656
1117|361
2114|2349
146|573
2461|1978
1205|976
1532|1916
2306|243
1042|1367
2592|1058
2461|941
703|1630
653|894
462|1385
990|1794
536|243
1313|1978
2304|538
91|1361
2117|2229
1545|969
1162|1053
1387|1349
654|529
2320|1486
1302|597
660|1164
1766|1206
438|2684
2564|1705
1744|1933
459|2102
908|1432
827|2203
1239|742
106|1754
304|411
624|79
550|1092
822|141
1766|432
703|1065
624|1655
205|1670
798|2187
968|453
669|2479
146|1514
2430|1485
1529|1404
2377|2518
1975|2106
2461|1522
656|2289
1718|1034
1430|2279
334|2282
1839|510
871|2633
2668|2640
1131|1092
1949|2220
1816|1646
1930|28
2586|1246
654|2336
2726|1520
1020|104
468|2238
431|1897
912|2077
2257|1432
1766|2518
436|1546
1647|1223
949|802
169|372
2304|789
2516|192
725|1450
500|2674
577|123
2668|1164
121|1264
290|240
925|2640
1409|1933
1521|192
2198|1049
1052|2531
275|1920
1010|1092
117|1514
660|2719
653|2023
624|119
314|1659
881|1361
2304|2706
1220|2518
2221|1968
1011|2336
1782|974
1720|244
2586|2302
1545|423
424|2012
1532|1145
1816|1197
565|2706
665|87
159|1094
694|2178
1284|1385
1374|315
1483|1762
447|2283
1982|1631
1816|1093
230|2583
718|229
2461|1361
414|2166
1020|2049
1257|2663
417|2327
2660|1276
678|1705
761|2556
1117|1197
1780|198
1690|1404
169|1049
1010|2563
2361|1705
886|564
827|2553
2489|432
669|1206
656|1164
424|2563
2377|1065
750|1328
654|1432
2325|1569
2654|2706
679|1569
2126|2327
427|362
1552|789
703|119
2564|2531
2595|1124
536|1505
2320|1726
624|418
2304|502
624|2431
1020|1546
2008|2218
716|2012
169|139
472|2719
1387|1559
357|1141
1532|1887
436|2282
1699|719
365|477
1284|1361
1766|453
1539|150
1139|963
2653|2444
1875|2256
1302|1404
647|1255
2114|2397
1845|943
2092|2342
2108|2695
2660|1488
2653|2256
1512|1432
908|1590
2568|615
1374|1593
1845|1094
1343|1457
806|361
357|2214
736|198
117|1109
1320|2506
431|2336
634|1457
91|1105
2037|1633
371|937
446|453
1512|1150
968|1632
925|104
442|153
2595|2397
1810|1920
1302|1630
298|2328
101|1164
656|192
809|1673
912|549
641|2563
1091|192
304|2238
2548|934
654|2426
1906|2147
2293|941
1847|1916
2343|2049
1413|2640
1690|2496
2094|1058
1316|1794
1387|1094
548|2633
1622|1920
478|608
669|549
2094|741
1572|1546
1006|969
1205|690
2391|2433
2304|956
968|2525
500|1721
2239|454
973|2046
912|1404
57|1549
2294|1150
193|1255
669|1113
1011|1206
806|1522
146|1595
881|1094
106|680
2555|1058
703|281
798|2328
2319|2336
500|1058
424|1025
2139|1145
678|2409
2538|1393
1541|1404
536|1094
1155|1978
548|2494
1875|2494
656|1276
2538|1404
654|300
2319|1276
1588|928
2461|162
2179|83
1318|1141
2124|2012
2125|1593
1159|1809
2108|306
1584|1632
1588|512
1847|2049
2489|1709
605|680
304|929
1302|1197
417|2328
543|1094
402|2229
1647|706
57|2496
1588|2102
304|976
2125|777
1309|240
2068|2050
1010|150
1845|1151
2369|959
914|677
1588|2443
1604|2687
703|2349
871|1670
2094|42
66|1021
414|818
2249|899
2008|2203
1798|680
234|2349
74|690
536|2312
2422|192
657|2531
309|123
2461|2256
55|300
334|2229
704|659
1588|1078
1303|2433
1313|2203
1521|196
1345|818
2098|2663
161|2225
750|2431
1847|229
1618|2693
550|2335
106|538
2523|1178
2377|1916
109|1025
822|1569
1541|2663
424|1141
2320|2531
703|928
691|1972
175|2574
1079|2479
1257|2710
335|86
1136|2712
1380|1593
91|1457
1129|1058
472|1076
1845|1831
1010|198
1855|2518
146|1092
2720|2433
1650|1933
101|2533
2008|2545
1855|1488
1011|2444
1159|198
993|1549
1309|1329
2320|2220
109|1124
908|545
1343|2229
1512|1404
2320|1595
2063|1632
750|2478
1175|192
1982|1814
1729|2494
1816|1058
1387|1920
1975|1206
1745|1705
424|1255
106|1246
1056|899
1434|2229
1558|963
1845|1549
146|2663
798|1531
1155|1486
1495|2286
1051|2497
57|1721
2304|1276
2160|2161
1650|2129
2239|1569
1180|615
1430|150
169|1393
536|2443
2304|2349
2125|928
968|1878
1845|1166
