2564|2465
357|1452
357|1625
357|1271
357|1297
2564|2705
2564|1402
2564|1211
2564|280
2564|1508
2564|395
357|310
357|2061
357|2097
357|1662
357|1853
357|2502
357|1185
357|342
915|2465
357|563
357|2389
357|2112
806|1153
1051|2465
1930|1611
806|2488
1051|280
2564|575
1434|2465
1733|2621
1363|201
1849|1429
2686|1152
402|1832
1849|178
2686|1461
2686|1841
2686|2491
2686|950
2462|2207
1434|280
2377|907
2377|2085
2377|946
2377|683
1936|71
1213|1556
1936|1298
2641|1301
2007|2530
1155|946
1839|1416
1839|612
1839|796
1839|1596
1839|940
1839|452
1839|97
915|280
89|2514
402|1218
2726|957
2726|1652
2726|1039
2726|201
2726|2567
2726|494
653|54
653|156
1635|1104
1635|1498
89|832
89|1596
2054|156
605|280
605|2465
1869|2514
2237|460
298|587
1357|793
534|2705
1307|353
1307|2281
1307|810
1307|59
2486|2112
1091|1275
438|2737
1091|416
2726|1412
2726|855
402|767
2726|2276
402|552
402|58
402|54
402|1853
402|1728
402|45
402|787
175|1104
781|2085
142|156
2637|212
2637|2295
447|2738
447|558
447|1358
697|1568
697|2610
543|2514
431|59
975|1837
1554|2535
344|2264
1365|2277
2726|1938
2726|1524
2726|2484
2726|444
1213|2417
630|636
2486|1624
1769|2254
1413|946
2124|1827
2124|1358
670|285
1870|1452
2455|59
1798|39
1904|2277
1040|497
1040|1358
2071|848
2062|1613
2062|45
147|2488
1061|1301
1699|328
2053|1611
723|126
723|970
2168|2207
540|1841
540|2491
204|793
204|1596
204|452
1917|1008
490|939
1413|2277
1769|228
490|81
1953|2181
2386|999
758|907
2489|2514
2386|2514
2151|635
2151|1382
347|1881
347|113
2022|2596
2022|373
2022|1853
861|1211
861|2044
678|1191
2304|1044
2304|2452
2304|1001
2304|688
2304|965
2304|732
2304|800
2304|295
2304|1915
2304|1882
2304|2607
630|156
630|650
490|471
665|1429
2486|1452
2249|1452
2249|342
2249|2112
2422|2207
2422|45
2422|931
1985|1137
1985|2044
2008|946
550|2278
550|54
550|59
1483|118
1483|1596
1483|1102
1483|373
2486|2507
2486|1297
2486|46
2486|2389
2486|1625
2486|92
2486|2061
2486|310
2486|342
2486|2097
2486|563
2486|1271
2249|563
2249|1271
1855|280
283|471
1855|2465
724|59
388|946
388|683
388|907
1847|491
1847|1442
1847|1950
1847|452
1847|931
1847|793
1847|874
1847|138
1847|506
1847|16
1847|2436
1847|1907
1847|2308
1847|2207
1847|1596
371|1102
371|97
371|373
2584|946
2584|683
2584|907
283|1209
2489|612
2265|1271
2489|796
1399|1613
1127|2254
1957|233
1957|32
82|946
82|683
82|1533
1376|702
1376|2530
1376|1373
1376|2236
1376|1891
1376|2718
2142|2278
2142|1819
2142|45
1006|946
1006|683
1006|907
913|412
718|883
718|2621
718|2659
2403|1004
2403|1033
2403|2318
2657|711
2657|131
1399|1819
1399|39
2657|1373
1399|45
901|612
901|1596
901|32
901|156
901|636
1159|15
1159|2399
1159|2232
1159|2682
1159|46
1159|1271
1159|2450
1159|1452
1159|2061
1159|310
1159|563
1159|1297
1159|2112
1159|342
1159|1400
634|1596
634|452
634|1907
634|206
634|1209
634|2157
1399|1728
2657|2718
1318|593
2489|1596
2523|59
1309|1177
1309|895
1309|2406
1309|1687
1309|2252
1309|962
1877|2093
522|931
522|2207
524|946
524|683
524|907
577|249
577|2308
1541|778
1541|1973
1541|127
1541|280
1541|2465
2343|2278
2343|45
457|88
2724|1416
2724|931
2724|612
758|946
2724|1596
1309|1494
2460|32
1318|59
2460|2357
2554|562
2265|1297
2265|1625
2265|2061
2265|310
2265|2389
2265|2097
2265|342
2265|1452
2265|563
2265|2112
2265|1624
2200|481
2200|1195
1332|1819
1332|45
1326|373
1326|206
1326|1209
1326|97
2460|1571
2460|2394
2460|1416
2460|149
2460|612
2460|1596
2460|1102
901|1907
901|2394
901|1137
977|1291
977|598
2359|487
2359|1069
2359|1209
2359|1907
2359|1442
1572|1382
1572|373
1572|771
1572|1209
1572|2271
1572|2157
1572|97
464|280
464|2465
1622|946
1622|683
1622|907
158|1416
158|1596
2353|946
2353|683
2353|907
2117|1841
2117|2491
2029|1251
472|210
977|1186
2430|2278
901|1416
2438|2488
2489|940
2489|635
2489|832
2489|373
2489|771
2489|206
2489|1209
2489|2271
2489|2157
2489|452
2489|97
1623|939
1623|471
165|1211
165|2044
2208|848
1387|2207
1387|373
1387|635
1387|793
1387|206
1387|1209
1387|2157
1387|210
1387|1907
135|1030
135|391
472|635
472|206
472|1209
472|1382
654|1728
654|1613
654|1819
654|45
654|636
1570|2596
1570|1662
1570|939
1570|460
1570|1853
1570|471
2569|2711
1729|2044
641|635
641|2157
641|1382
424|1416
424|452
424|931
424|612
424|796
424|1596
424|2308
424|2207
1013|412
2092|1819
901|1571
654|54
654|58
654|539
72|342
472|373
472|2157
945|2491
945|1358
1516|1568
1516|2610
1180|443
1180|2488
1810|1452
136|1819
136|59
72|1297
72|563
654|469
72|2097
72|2389
72|2112
1824|54
1824|749
2126|1611
654|2003
654|29
654|2182
654|681
654|602
654|814
758|683
1875|946
758|1411
2568|1442
2568|2157
2568|1907
2568|793
2568|206
2568|1596
2568|1209
908|1080
908|313
908|1444
908|2514
908|636
908|1596
908|487
908|2405
908|1907
908|1069
908|206
908|1442
908|1209
908|2157
725|287
725|1416
725|452
725|940
725|931
725|2248
725|1561
2568|452
1966|487
725|2207
1966|2157
660|2502
85|1104
85|1498
637|2300
1495|1416
1495|612
1495|1596
1495|1948
1906|2621
1858|2596
1858|1442
1858|793
1858|2277
1966|2514
1966|452
1966|1419
1966|931
1966|940
1966|796
1966|1596
1966|373
1966|1907
1966|2207
1966|1069
1966|206
1966|1442
1966|1209
725|1245
725|612
660|342
1035|54
2063|793
2063|2514
2063|1907
1014|76
1117|870
1117|636
1117|308
565|1907
565|793
565|1442
990|1533
990|793
990|1907
405|2659
106|1102
106|373
106|771
55|2318
478|1247
478|663
478|171
733|2318
1683|485
1823|1069
1823|487
582|920
582|337
1035|32
1035|2394
725|796
1035|1102
725|1596
725|1706
725|636
725|1130
725|2534
2393|127
2393|1211
2393|1135
1371|59
828|1275
2654|1819
1099|211
1099|191
2011|1691
2011|2044
117|2044
117|2534
1552|558
1552|1301
1552|1137
1552|2738
1136|931
1136|1211
1136|636
1035|1571
1035|295
1035|149
660|1853
660|1185
2744|1209
1851|191
2361|2207
2361|931
234|1821
722|2207
505|1625
505|310
505|2389
505|1271
505|342
505|1452
505|563
505|1297
251|2610
621|931
621|2207
2425|475
304|2157
304|210
304|1382
304|1416
304|612
304|313
304|940
304|771
304|2271
304|97
304|796
1067|1452
1851|211
304|1596
1060|39
657|863
1766|452
1766|832
1766|796
1766|1596
1766|2520
1766|940
1766|487
1766|97
1766|1382
1766|373
1766|771
1766|1069
1766|206
1766|1209
1766|1080
1766|2271
1766|2277
1766|2157
1766|210
17|1285
17|2395
17|2718
2609|59
2175|683
1626|54
177|2383
304|206
304|1209
660|54
2660|728
2660|2281
2660|45
1351|373
1351|771
1875|134
1875|683
1875|907
1875|521
2241|2207
2241|931
2241|156
2241|636
525|54
180|2610
1647|2610
1657|1012
1313|1596
1313|1907
1313|793
1313|1442
1313|2521
660|1836
660|15
660|2399
660|2232
660|2682
660|1662
2660|1819
2660|59
304|452
624|97
304|635
304|373
101|1624
101|2097
2160|65
2160|1417
2160|434
2160|2488
2160|1755
1239|1728
1239|45
1146|688
1146|156
1146|636
936|2207
936|931
1175|907
1175|946
427|589
1142|2738
624|1382
624|2157
624|373
624|771
624|206
624|1209
624|2271
1377|167
1377|1405
1949|1209
1156|39
1350|471
669|2157
669|1907
669|2736
669|373
669|97
108|1069
108|487
1015|2207
643|855
643|201
1538|2058
1538|2296
1538|1429
645|1359
645|1493
645|1449
274|2514
2257|2610
1680|2277
2332|452
2131|2514
1895|1211
1895|1611
309|280
1320|2735
1320|1382
1350|939
809|2465
1320|931
809|280
2548|1730
2548|2465
2548|280
847|39
1734|562
1189|485
414|2735
414|2207
2179|1301
2179|558
2239|635
2239|1382
379|1133
379|2610
1422|1836
1422|15
1422|2682
1422|231
1422|149
1422|1405
1422|2718
1422|2399
1422|2232
1422|617
1795|984
1795|849
2505|439
1320|2207
2373|59
1949|313
536|1557
536|2465
2653|37
2653|280
2653|2705
2653|2465
1650|2207
1408|793
1408|1442
334|2038
334|280
334|2465
500|612
500|452
500|940
500|796
500|1596
500|487
500|1069
500|1080
500|373
500|832
500|206
500|1442
500|1209
1384|228
1535|2723
2474|81
536|280
536|1280
1955|946
536|1464
1955|907
2325|635
2325|1382
468|635
468|2157
468|1382
2198|170
2198|1675
2198|1282
270|2514
2420|2232
2420|2399
869|45
536|1789
536|642
536|1830
536|2038
536|785
536|2055
536|1817
536|1473
536|551
536|533
536|2577
536|395
536|1710
536|187
51|471
51|939
1804|1967
1165|2735
1165|2207
1165|931
1165|2736
1618|487
1618|1069
544|600
169|95
169|497
169|1135
169|922
169|280
169|408
169|1211
169|2465
173|1989
1512|2447
1512|59
1543|1639
1871|54
1871|2745
1871|1821
290|1836
290|15
290|1271
290|1625
290|1452
290|2061
1165|2297
2293|2044
1833|2730
2293|1211
1949|36
1323|1247
1323|1864
1323|2318
1235|2514
2646|1204
2646|2186
1604|81
1604|1596
1604|1209
1604|373
1604|1102
1604|2514
1604|487
912|1297
912|1271
912|1625
912|1452
912|2061
912|310
912|563
912|2389
912|2097
912|2112
912|342
912|54
912|1624
290|310
290|563
290|2389
290|2097
845|1571
845|2394
845|295
845|149
845|32
845|1102
845|1251
325|202
993|796
993|452
798|2705
798|1557
798|2534
798|320
798|1755
548|2044
548|1137
548|466
548|497
548|795
548|1287
716|1827
1295|2705
1295|280
1295|1211
1295|2465
897|59
1430|54
1880|1611
1880|874
736|2308
290|2112
290|342
290|1935
290|1995
290|2399
290|2232
290|46
290|373
290|2682
736|2338
736|1106
736|1064
736|280
1129|2535
511|127
511|54
511|1135
511|1211
121|1498
121|1104
66|156
66|636
623|849
450|1608
450|1370
450|1846
2724|2207
193|2052
1936|2025
703|2514
1302|210
2094|1069
1302|2157
1718|2550
1302|2271
1718|1259
1074|744
1302|1209
2094|2585
1302|206
703|487
2094|1382
1302|2207
1302|1382
1074|581
1074|206
1718|2261
1302|97
1074|1907
703|2521
703|1444
1629|1291
1718|795
1629|2705
2094|1596
1718|2739
176|515
2094|1442
176|68
2094|487
1302|771
1074|2596
2118|907
2538|280
968|2271
968|2157
968|210
968|487
968|97
2538|1211
1020|2271
2538|1135
1923|1325
2538|2465
2118|683
2461|612
2118|946
1302|373
2021|1907
2021|793
2021|1442
2262|848
2402|1853
1923|369
826|59
1020|2277
349|1236
1718|449
1074|636
2202|2659
1302|635
1366|156
1366|2452
2538|2748
703|1596
2094|206
1975|210
1975|2405
703|1907
2094|1209
1975|97
1975|373
528|54
2094|2157
1975|1907
703|97
1975|832
462|1416
1780|373
2094|1533
1780|612
462|612
1780|452
1975|793
462|940
703|210
462|452
1780|2271
1780|771
1975|1069
2094|1907
1975|206
703|2157
1975|1442
2094|683
703|612
2094|635
2740|2491
1366|2607
646|280
1366|54
2121|658
1366|965
646|2465
1020|2157
1718|2196
109|2465
109|280
2094|452
1679|2454
2740|1503
230|280
2009|2207
230|2465
703|1069
949|1222
2094|946
647|54
2740|280
949|201
703|796
1234|1285
949|855
2272|1908
2121|54
2009|931
968|1102
2461|1080
462|796
2461|2157
1284|2276
1020|1452
2586|2097
2586|1382
2586|2157
779|2488
2586|373
2586|771
1020|563
2586|1069
2586|206
2586|1209
1020|2112
2586|1080
1584|793
1284|444
1584|1442
314|2621
2586|2271
1584|1907
1269|2394
2586|2277
2586|210
1269|1571
2461|97
860|2097
2461|487
159|280
2461|210
2586|97
2586|487
2586|1596
2700|1641
1020|452
2586|2405
159|2338
1695|1285
1409|1452
1601|2186
1601|846
1020|97
1601|285
159|2432
1601|1767
1284|855
1154|931
1269|32
1380|2465
1380|280
1020|1271
1380|1211
2586|2450
1380|2705
2586|1297
2586|2389
1380|1259
2586|342
1380|395
2586|2520
1380|1402
1269|149
860|2061
2461|2277
1020|1209
860|1452
303|1722
968|2521
303|642
1020|1382
968|2405
968|2514
968|636
2461|635
1020|373
968|1419
968|940
968|796
1020|1907
968|373
968|832
968|771
968|206
2538|676
2461|2405
968|1596
1020|832
2461|2521
1162|1301
2402|156
2461|2341
1020|793
1020|206
968|1209
1020|1442
1982|1297
968|1444
2461|2514
1619|2277
2461|940
2461|2271
1982|1452
2461|1209
2461|2520
1619|946
2461|1596
1982|2112
2461|206
1619|907
2461|1069
1982|1624
2461|796
2461|771
1982|2061
1982|563
2461|832
1982|1271
2461|373
1020|2405
2461|1382
277|1069
1982|2097
277|2521
968|452
968|1416
277|487
2461|452
2094|832
1975|1209
2586|931
2319|15
691|1301
2320|1571
291|2514
291|487
417|1135
2451|636
2320|1915
1388|45
914|940
1388|1728
914|796
2451|2610
914|452
914|1416
1454|2254
914|1596
914|2514
1532|59
2319|683
1374|1382
914|373
2319|1907
2319|2682
2320|1251
2319|2232
1339|2659
2319|2399
924|2619
2320|1613
2522|2550
2320|2602
2320|54
1770|1739
1816|800
365|2157
1816|688
365|2271
417|568
365|771
365|373
2042|600
684|1641
62|280
2702|2514
2042|2539
47|2345
47|1253
207|2318
47|1355
2320|1819
417|156
2320|2278
47|1340
948|30
925|1442
925|1907
2320|59
925|793
948|562
417|2395
948|2659
1690|45
924|820
1816|485
2319|1836
417|1525
1374|2735
1147|485
1374|2207
2594|485
2320|295
2320|2394
1205|1466
2320|32
2320|149
417|127
2114|874
1374|931
1720|636
2114|961
1720|32
417|1111
1720|650
1588|2521
1720|149
417|2607
886|1358
2114|652
1052|2389
1052|342
1052|2502
417|1319
1052|2232
1052|1452
2320|233
1588|1907
417|1211
417|1368
2627|2066
1744|1080
417|1044
1744|1069
2319|1442
417|2452
417|800
613|2659
1617|1442
613|2138
1617|793
1617|2157
2320|211
417|688
2114|2321
2098|45
417|965
2098|2278
2681|946
417|732
2681|683
2681|906
417|1882
417|485
2681|907
1374|2157
2627|1325
417|648
1588|1209
1600|59
703|2277
2402|54
591|2514
436|1452
2668|487
436|2450
703|206
436|2607
2668|793
2668|683
703|771
436|2112
2668|2399
703|793
2668|2682
436|563
790|1837
2668|449
2668|946
2469|452
436|1625
2668|1907
436|1271
2402|460
409|1080
2391|2615
2469|1382
703|832
2391|84
2391|129
2469|635
436|2061
704|452
436|310
703|1209
1975|2157
462|1596
2306|32
703|940
1845|280
1845|1211
2306|149
1845|1135
703|2271
2306|295
704|1416
1845|2465
2306|2394
2306|1571
704|796
704|612
436|2491
703|2520
436|1945
703|1442
436|1884
704|1596
436|342
436|2097
2469|313
436|2389
704|636
436|1297
2391|212
409|1853
2595|127
1131|683
409|589
409|1069
703|635
2041|2688
2614|2379
703|2405
2041|2610
410|84
1588|2157
410|129
1588|373
410|1817
179|2610
2027|636
656|2458
2027|156
2027|487
656|280
656|2465
1654|635
1654|2157
1654|1382
1588|1069
2595|1211
2595|1135
2595|1412
1816|156
1816|658
1816|829
1588|206
1299|131
656|1827
1674|2610
1345|1596
1345|373
57|2207
703|373
436|2507
1198|1275
205|2488
703|1382
703|1803
74|658
881|1611
1674|636
1674|2745
1299|2718
703|1080
703|81
1299|1891
1578|652
1299|1373
1299|2530
1588|1533
1299|1900
703|2341
1299|2395
703|452
409|460
656|2204
1588|2207
1997|1442
2586|2207
1257|2705
750|1498
1745|118
1745|635
705|1596
750|793
705|636
752|683
750|1907
1745|832
750|373
1745|1080
750|332
1745|940
1745|2341
822|471
750|2207
752|907
750|1104
750|1254
1745|1444
1745|1596
1745|2405
752|946
1745|771
1539|2475
834|1236
1745|2271
705|612
586|231
705|1416
586|1405
2125|732
1139|280
1139|2465
1217|1611
2125|2112
2516|1819
2125|563
2125|1625
2125|1271
2516|45
2125|2521
822|939
2125|1373
1010|1613
442|2488
442|1417
2448|137
2108|1247
1010|683
2108|54
2125|683
2108|1819
1010|829
1316|59
1745|612
750|452
750|796
827|342
1079|1491
2622|1662
1745|206
2622|1261
2622|744
1745|1209
1745|2514
2622|1018
1745|452
2622|2305
407|652
1479|2659
1079|1962
2729|487
91|796
91|206
305|1373
827|1624
827|2112
91|1209
305|2064
827|563
827|1452
91|2271
827|1271
955|1097
955|39
2622|460
1745|796
2622|581
1745|2277
750|1442
750|279
1745|97
14|2745
1745|1827
750|940
1745|1382
91|1382
1745|2157
750|1596
91|2157
1745|373
750|612
91|210
1335|1358
1745|1069
2622|2596
2125|931
91|771
2622|1853
2622|734
1745|2521
2622|38
1745|487
2622|358
2125|452
2516|191
2294|636
769|1452
1010|2278
335|2058
1545|2610
317|156
1455|2277
183|127
1010|2080
2068|2708
1010|59
694|2207
694|931
769|1271
769|563
2125|487
1530|2065
2125|1596
1530|905
2125|373
1530|1999
2125|342
2068|1466
1530|33
2221|2713
657|1518
769|2112
2125|2097
1521|1098
973|1421
2125|1209
973|518
193|412
2119|59
41|280
687|2016
41|2465
687|2356
1521|295
1521|2394
657|223
1782|126
1671|84
657|2016
1521|1571
2125|2277
1671|129
1521|149
1671|1837
1986|2052
1558|54
1986|412
1521|32
807|675
1010|1819
973|151
1521|1419
1010|45
657|1797
499|1837
2002|1191
1007|353
2448|1184
1303|796
2125|1452
710|1041
2448|1980
184|2017
2221|1254
184|2195
1007|59
1303|931
2037|1191
2323|2318
1303|612
1303|452
2125|2450
1303|2207
2221|97
2516|1613
2125|97
1471|81
2294|1907
2125|210
2516|2278
2125|1069
2125|2061
2125|310
446|612
2390|884
1010|1251
1530|145
446|1596
1010|1728
657|1971
446|452
446|683
1620|1291
446|206
1056|1410
2125|2389
657|2356
1056|1009
2068|1071
1225|1191
2125|1297
446|1209
2221|373
2448|1931
2221|771
572|1915
2390|1807
2221|1209
2221|2399
1303|2735
2101|1691
1052|2399
1481|2514
2662|2065
1011|2705
2662|2260
2586|1271
2662|905
2473|2044
761|2207
2139|635
2662|33
1903|1247
2586|2735
1903|1275
2139|832
1042|2040
2662|1692
2139|2157
1343|796
2592|889
2662|476
2139|313
1011|269
2555|636
2592|2491
1529|449
2369|2157
275|931
1343|2207
2720|32
871|1135
1020|2061
2473|1691
871|1211
2555|2207
871|651
2592|2085
2473|1137
871|1827
871|127
1959|2264
871|58
1343|452
871|1501
2555|931
2662|1057
2139|1382
1020|342
2662|145
2311|68
262|1358
1011|1518
262|2690
2586|2521
2586|635
146|1974
1220|1275
459|636
146|2326
265|2621
2586|2434
1346|612
146|2519
161|1254
146|2457
1011|37
161|1083
146|1138
1732|1429
146|1984
1020|1069
761|931
1343|940
1020|2514
2592|1503
2586|2514
2146|931
1011|688
2146|2207
146|2252
2586|46
2672|2514
146|1687
827|2389
1011|280
146|250
2662|2487
2311|515
146|618
2490|1907
1020|940
1011|2748
1011|2465
91|635
189|2318
679|342
679|1271
679|1452
679|563
679|2112
1020|771
557|31
1736|683
1190|952
1694|1580
1190|1728
1042|187
2586|563
1736|206
2013|793
679|1297
679|46
679|2097
1190|1591
679|1625
91|373
189|1004
1190|45
679|2061
2013|1104
679|310
2013|2634
1284|1412
1284|918
2013|1442
91|97
679|2389
189|2395
181|1915
1736|907
2013|1907
275|2207
2592|280
2231|149
1020|2097
1284|201
731|1596
1084|2488
1489|2329
1304|2345
2101|2465
1649|1907
954|473
1304|1253
203|2488
1736|946
1020|46
1489|59
1169|1452
1158|931
2369|373
2101|1960
731|1416
1736|1907
1649|1442
