906|1688
874|377
874|399
874|774
874|1296
874|2364
874|2331
874|308
874|2219
874|507
874|1912
874|2521
874|898
874|870
874|22
874|1943
874|1476
874|2647
874|1407
874|1397
874|2673
874|795
874|2440
874|1790
874|2253
874|215
874|2351
369|128
369|1547
369|1555
369|1642
369|2501
369|2445
874|2226
874|2534
874|1774
874|2552
874|823
874|1717
874|991
874|140
874|1238
874|493
874|2589
874|236
874|1779
874|1283
874|2209
874|1973
874|2670
212|904
369|2020
1033|1451
1033|839
1033|2081
1033|2206
1033|663
1033|1337
1033|1867
1033|2412
1033|1772
1033|49
1033|2485
1033|2045
1033|2363
663|1033
212|2197
212|144
212|1956
212|1576
212|2470
212|1893
212|377
681|2099
328|748
874|1311
2326|748
874|2707
874|853
874|1731
874|2398
874|2086
874|1075
874|1710
874|1167
874|2639
874|533
874|2145
874|2297
874|1502
874|1515
491|874
1973|874
2297|874
1004|2485
874|1610
1106|1610
1064|748
369|1889
1561|2310
984|2310
2093|1130
2093|1168
2093|2493
2093|1741
2093|2368
2093|730
2093|293
2093|1819
2093|759
2093|2133
2093|983
2093|782
2093|947
2093|2387
2093|404
2093|2692
2093|870
2093|2288
2093|326
2093|1909
2093|2039
2093|1330
2093|390
2093|2032
2295|1883
2093|2266
2295|2162
2295|866
2295|1331
2295|1293
2295|595
1974|2295
434|2534
434|2351
434|377
434|1433
434|661
434|474
2534|434
1819|343
1080|1820
1069|1820
1884|1272
814|1272
663|1272
439|1272
2502|1272
2093|668
2093|254
2093|1379
2093|893
1102|574
1557|1435
2577|1435
1706|272
2278|2051
2278|2589
2278|2209
2278|2364
2278|2331
2278|2699
2278|595
2278|1973
2278|2410
2278|1075
2278|2297
2278|1502
2278|1515
1817|862
2577|862
1710|862
2297|862
2615|307
2615|341
2615|1356
2207|1740
1819|2093
1973|2093
2297|2093
2207|1905
2207|1288
2207|2307
2207|804
2207|1510
2207|2570
767|592
2615|904
1177|1850
1819|1684
2615|1956
2615|712
2615|2470
2615|902
2615|1893
2615|377
2615|2411
212|2411
212|2162
2295|2446
1280|1970
1280|808
1280|2297
1280|1502
1280|155
1280|2734
1280|1515
1280|813
408|1280
539|1280
2093|1280
1973|1280
2297|1280
1494|2043
1494|2701
1494|103
1494|124
1494|267
1494|2051
1494|1492
1494|107
1494|122
1280|825
1280|419
1494|297
1280|1075
1280|1433
1280|1200
1280|584
1280|2039
1280|1976
1280|2191
1280|164
1280|1973
1280|981
1280|714
1280|864
1280|1231
1280|1548
1280|333
1280|2230
1280|1767
1280|273
1280|1496
1280|2120
1280|2398
1280|2173
1494|2449
1494|797
212|866
59|707
59|2051
59|1666
59|166
59|2209
59|701
59|2549
59|1347
59|2716
59|595
59|1811
59|1087
59|1066
444|59
767|59
201|59
59|353
2454|1170
2454|1947
2454|1889
2454|128
2454|922
59|830
1591|882
1494|2250
1591|2095
1494|1090
1494|1614
1494|2699
1494|743
1494|595
1494|2410
1494|2600
1494|1828
1494|1088
587|2110
212|1934
1974|1934
2295|1934
2615|1934
369|1934
408|2006
2055|2006
1591|571
1591|1492
1591|122
1591|2449
1280|1542
1280|1215
1280|1868
1280|1038
1280|2057
1280|237
1280|209
1280|2344
1280|2033
1280|2435
1280|2303
1280|792
1280|393
1280|2589
1280|2468
1280|938
1280|1436
1280|1779
1280|757
1280|1160
1280|2115
1280|408
1280|1693
1280|695
1280|2209
1280|105
1280|1557
1280|1240
1280|2275
212|1293
212|1356
212|341
212|307
1974|212
587|166
587|2111
587|1106
918|2005
444|1791
767|1791
1135|1791
1247|1791
1280|346
1280|2085
1280|1294
1280|2266
1280|671
1280|25
1280|1070
1280|838
1280|590
1280|293
1280|620
1280|918
1280|2267
1280|1792
1280|2331
1280|2565
1280|440
1280|682
1280|1605
1280|1055
1280|23
1280|1565
1280|2631
1280|2419
1280|378
1280|1125
1280|112
1280|890
1280|2575
1280|2070
1280|2360
1280|278
1280|376
1280|2069
1280|1886
1280|541
1280|2500
1280|1507
1280|2642
1280|539
1280|2742
1280|350
1280|1566
1280|2388
1280|840
1280|1114
1280|1344
1280|100
1280|1252
1280|2364
1280|764
1280|1874
1280|2292
1280|2330
1280|2709
1280|1575
1280|2495
2295|904
2295|903
491|2209
1138|377
2447|377
681|2088
1817|626
1817|846
1817|1120
1817|1779
1817|1511
1817|857
1817|840
1817|2466
1817|735
1817|523
1817|972
1817|458
1817|2372
1817|2230
1817|1710
1817|383
1817|155
846|1817
1710|1817
895|377
1984|377
1710|1822
2457|377
497|1616
497|2219
497|1789
497|2590
497|1431
497|642
1830|497
785|497
1789|497
642|497
1106|823
1106|1167
2534|377
2458|377
1064|377
663|377
602|377
1755|377
984|377
1728|377
1974|377
1817|1822
1501|2116
1973|129
2326|1842
2326|743
2326|595
2326|2410
2326|1828
2326|1031
2326|1783
2326|2551
2326|2087
444|1579
767|1579
1135|1579
2521|1820
2521|824
2521|1828
2521|1777
506|2055
129|2051
129|2699
129|595
129|1973
129|2410
2326|1573
2326|214
1501|1135
2326|2699
1501|2727
1501|1994
1501|2082
1501|994
1501|599
1501|2170
1501|768
2326|2701
2326|1988
2326|124
2326|2051
2326|1492
2326|1660
2326|2449
2326|292
2326|297
2326|2638
2326|355
2326|2250
2326|2185
2326|815
497|785
497|2536
497|1790
1974|1229
1974|1719
1974|2741
1974|2253
1974|1668
1974|256
1974|673
1974|1790
1974|2412
1974|1232
1974|2606
1974|856
1974|1776
1974|2215
1974|2679
1974|978
1974|580
1974|1100
1974|1555
1974|13
1974|859
1974|102
1974|2691
1974|299
497|1830
1974|666
491|754
491|2248
491|2364
491|2331
491|2170
491|1973
491|2398
491|1075
491|1710
491|2297
491|1502
491|1515
1973|491
2297|491
1974|1715
1974|2671
1974|1364
1974|765
1974|814
1974|1024
1974|2251
1974|2162
1974|2219
1974|2501
1974|2001
1755|661
1755|474
2534|1755
506|456
373|1510
373|2570
373|1740
373|793
373|2481
793|373
1641|319
2735|1905
2735|1288
2735|2307
2735|804
2735|1510
2735|2570
2735|1740
1561|1095
497|2280
497|2253
1755|1433
1755|2351
1755|1893
1974|2045
1974|276
1974|737
1974|1764
1974|220
1974|2566
1974|1973
1974|2559
1974|1468
1974|2153
1974|556
1755|2534
1974|1423
1974|2636
1974|1714
1974|1700
1974|2297
1974|1918
814|1974
1973|1974
2297|1974
129|2297
2297|129
2295|377
2252|2699
2252|595
2252|996
2252|2410
2252|1828
2252|1783
2252|2551
134|2145
1222|2266
1218|1081
328|124
328|1064
328|1660
328|2326
328|292
328|1232
328|772
328|355
328|2317
328|2141
328|214
328|1842
2252|743
2252|1806
328|255
2252|2250
1900|1865
1900|2577
1900|35
1900|1116
2577|1900
444|880
127|880
2252|2701
2252|1988
2252|2051
2252|1163
2252|1492
2252|1478
2252|2449
2252|297
2252|377
2252|157
2252|1843
2252|904
2252|1482
2252|355
328|1573
328|1073
84|2197
452|2014
452|40
2341|1820
2341|824
2341|1777
663|2456
439|2456
2326|441
328|441
931|1905
931|1288
931|2307
931|804
931|1510
931|2570
931|1740
2295|2197
2295|144
2295|2051
2295|1576
2295|408
2295|663
452|1378
452|2315
328|1031
452|2366
328|1783
328|2551
328|2087
1064|328
2326|328
452|514
452|803
452|508
452|1062
452|610
452|2340
452|1820
452|784
452|2570
452|520
452|2355
452|1740
452|1910
452|498
452|2193
452|253
1900|1805
870|1102
308|1102
408|2266
408|25
408|2613
408|2344
408|2033
408|1338
408|2589
408|1677
408|1019
408|2209
408|1526
408|1719
408|293
408|501
408|2216
408|1218
408|2364
408|682
408|994
408|2360
408|35
408|2074
408|2235
408|433
2357|1102
127|1925
84|2051
84|2699
84|595
84|2410
1687|2051
1687|1492
1687|2449
1687|297
1687|1232
1687|2446
1687|1482
1687|2250
1687|1331
1687|2699
1687|2030
1687|743
1687|595
1687|2410
814|1687
1008|853
444|1925
408|2039
408|2392
408|1778
134|408
1102|527
1102|1602
1102|2090
1102|2698
1102|2464
1102|1273
1102|858
1102|1685
1102|2428
1102|308
1102|330
1102|2374
1102|870
1102|1300
1102|2177
1102|2560
1102|384
1102|421
1102|2658
1102|2089
1102|1424
1102|2649
1102|2357
1102|374
1819|1888
1218|408
1973|408
2297|408
201|707
201|701
201|2549
201|1347
201|2716
201|614
1819|2408
1102|394
1819|456
1730|1912
1106|1912
2357|2414
308|2414
870|2414
2357|995
308|995
870|995
2454|1547
2454|2020
2454|842
962|1324
962|105
962|2057
962|926
962|2664
962|1492
962|1085
962|2209
962|2449
962|2222
962|271
962|297
962|1068
962|43
962|2134
962|1698
962|1210
962|984
962|1761
962|2446
962|2546
962|1500
962|1627
962|2725
962|217
962|221
658|2354
658|743
658|1909
658|595
658|1973
658|996
658|2410
658|2132
658|1305
658|1828
658|474
658|1783
658|1379
658|2297
658|2551
658|2087
814|658
663|658
2093|658
962|2100
962|248
962|2250
962|1321
1950|1790
444|1643
874|1643
1130|2244
134|2244
874|2244
1280|2079
1064|1174
2326|1174
2457|1174
328|1174
1984|1174
2252|1174
1950|2613
1950|2308
1950|2589
1950|527
1950|2209
1950|2698
1950|2464
1950|2351
1950|2253
1950|754
1135|1643
408|2736
962|1188
2736|2313
962|1786
962|1331
962|2024
962|2031
962|743
962|1499
962|1892
984|962
1710|962
1325|698
2379|698
2454|698
369|698
1325|601
2379|601
2454|601
369|601
2736|1760
2736|1161
2736|408
2736|2034
658|2030
658|258
658|2171
2379|186
2379|1336
2379|1547
2379|1325
2379|2020
2379|2570
2379|1876
2379|1555
2379|989
2379|1642
2379|2526
2379|2501
2379|2445
2379|1737
2379|2352
2379|1934
2379|2366
2379|247
2379|2454
2379|2708
2379|369
2379|1149
2379|863
2379|922
658|326
2379|2224
1466|2603
1466|227
1466|2442
1466|2135
1466|2708
863|1466
651|1466
2708|1466
2066|1022
2066|1325
2066|1934
2066|2189
1325|2066
2066|951
1325|951
587|951
2379|514
2379|1682
2379|2107
2379|1889
2379|128
1135|2379
922|2379
2066|2379
1325|2379
658|1800
658|2638
658|1761
658|2095
658|1843
658|2446
658|904
658|1482
658|2093
658|756
658|2250
658|2185
658|815
658|503
658|404
658|1188
658|2416
658|1331
658|2699
658|214
658|627
658|1835
658|1232
658|377
658|382
369|2379
658|2701
658|1988
658|2032
658|2051
658|1682
658|1492
658|1168
658|1660
658|1741
658|297
658|122
658|69
658|875
658|1946
658|199
658|1551
658|873
658|2449
658|292
1950|1667
1950|1381
2454|1555
533|395
2432|865
2432|622
2432|1688
2432|2073
2432|138
2432|364
2432|579
2432|367
1280|1352
1280|799
2475|2234
551|2475
814|2475
45|2475
1280|2475
1973|2475
2297|2475
2318|2290
1494|689
2326|689
129|689
2432|1996
1106|395
539|689
2182|395
395|420
395|426
395|2350
395|1132
395|190
395|425
395|2429
395|1614
395|1504
395|63
395|2039
395|2182
395|668
395|367
395|1106
395|1274
395|533
395|1861
395|1115
1494|395
1402|395
602|689
984|689
1950|998
521|2199
521|166
521|2269
521|2704
521|1265
521|1402
521|764
521|984
521|1096
521|143
521|2096
521|1523
521|906
521|668
521|770
521|1106
984|521
906|521
1106|521
1691|1310
408|2400
2055|2400
521|1854
521|2073
2278|689
521|1688
1687|689
658|689
84|689
1984|689
2252|689
250|689
618|689
1494|2075
2326|2075
129|2075
602|2075
539|2075
984|2075
2278|2075
1687|2075
658|2075
84|2075
1984|2075
2252|2075
250|2075
618|2075
395|1289
395|1540
395|1536
681|218
1797|1226
1984|1226
1973|1226
1106|1226
2297|1226
728|467
1064|467
1662|467
1853|467
460|467
2596|467
1018|467
658|467
1984|467
2252|467
744|467
895|467
444|2382
767|2382
1135|2382
984|80
2093|1226
231|2481
395|293
231|1740
1950|2364
1950|1994
1950|2082
1950|2616
1950|1292
1950|2028
1950|2219
1950|2158
1950|599
1950|2694
1950|1029
1950|2358
1950|2541
675|1950
1008|1950
444|1287
767|1287
1135|1287
984|116
231|1510
231|2570
1106|80
444|1157
767|1157
1135|1157
1402|2429
1402|1614
1402|63
1402|2039
1402|2182
1402|668
1402|367
1402|1106
1402|1825
1402|533
1494|1402
2308|1402
2182|1402
1106|1402
533|1402
395|639
395|1996
395|1723
395|2266
395|2453
395|166
1402|425
1402|190
1402|2350
1402|1996
1935|2219
1135|2261
814|425
1836|2219
1280|1459
962|1965
1280|1965
1402|2043
1402|639
1402|2266
1402|2111
1402|2453
1402|166
1402|18
1402|293
1402|1536
1402|1540
1402|1289
1402|420
1402|426
1466|759
1466|863
1325|2442
45|1790
45|674
45|1128
45|2217
45|2331
45|1801
45|2278
45|2665
45|2219
45|507
45|327
45|1592
45|2321
45|2416
45|1591
45|2716
45|2528
45|1973
45|1341
45|1678
45|1119
45|592
45|2364
45|377
45|1075
45|2253
2318|642
1830|2318
785|2318
1789|2318
642|2318
212|1857
2295|1857
2615|1857
2454|2107
369|2107
45|707
45|1121
45|2589
45|2324
45|1312
45|408
45|2078
45|2209
45|701
45|403
45|2549
45|59
45|2110
651|863
320|1436
320|2517
320|874
320|190
320|942
320|2274
320|833
320|1765
320|1711
320|2154
320|1106
1557|320
874|320
1106|320
874|284
874|266
491|266
59|266
2308|1996
2308|865
2308|172
2308|321
320|166
320|1360
45|1710
320|2246
45|2639
45|2297
45|1502
45|1515
45|1224
1973|45
2297|45
1974|841
250|841
444|1926
767|1926
1135|1926
874|1926
444|370
767|370
1135|370
874|370
2436|1263
320|2073
320|1557
320|1854
2318|2590
2318|1789
2318|1616
250|1024
250|1168
250|666
250|166
250|299
250|1229
250|2691
250|602
250|1526
250|1719
250|293
250|2741
250|2253
250|1668
250|256
250|1221
250|377
250|673
250|1790
250|2412
250|1232
250|2606
250|2251
250|814
2318|785
250|765
2454|989
2454|1749
2454|1642
2454|195
2454|2526
2454|2501
2454|2445
2454|850
2454|1934
2454|651
2454|1262
922|2454
651|2454
1973|1508
2297|1508
250|212
250|2266
250|2051
250|1715
250|2671
250|1364
250|856
250|1776
250|2215
250|2679
250|2410
250|2295
250|1934
250|1468
250|2153
250|2045
250|556
250|1423
250|2636
250|1714
250|1106
250|1700
250|2297
250|1918
814|250
602|250
681|250
1974|250
1106|250
2318|2280
2318|1830
250|2559
250|1973
250|2566
250|681
250|978
250|580
250|1100
250|1555
250|13
250|859
250|102
250|2162
250|2219
250|2501
250|2039
250|2001
250|276
250|2699
250|737
250|1974
250|1764
250|220
250|877
250|595
2308|1688
2308|1951
2308|1354
874|551
2297|551
138|2226
138|2552
138|991
138|140
138|814
138|493
138|2308
138|2589
138|1610
138|2209
138|266
138|2253
138|377
138|1790
138|1296
138|2364
138|2331
138|611
138|2219
138|507
1973|551
1135|551
1177|1682
45|551
328|1682
2182|1682
1973|1682
250|1682
2297|1682
551|1661
551|105
551|2057
551|1779
551|1983
551|2284
551|1292
551|2715
551|2571
551|560
551|542
551|1815
551|1348
551|1973
551|2297
444|551
138|898
138|2647
138|2163
138|2566
767|953
1135|953
2454|2743
1325|2107
1325|1889
1325|128
1325|1547
1325|2020
1325|1555
1325|1642
1325|2501
1325|2445
1325|1934
1960|997
1960|953
2708|1947
2708|651
651|2708
863|1947
863|720
863|651
444|953
2454|1980
1980|2454
138|2639
138|2440
138|1973
138|1311
138|853
138|1731
138|2398
138|1075
138|1710
138|1167
138|1948
1980|370
138|2145
138|2297
138|1502
138|1515
814|138
874|138
1973|138
2297|138
1033|2135
2585|1682
1687|1682
2308|259
2308|1115
1135|2308
874|2308
59|2308
1106|2308
617|1946
2394|1946
1571|1946
1687|1946
32|1946
2252|1946
895|1946
2634|1637
2634|289
1494|566
2585|566
1948|1050
1948|2534
1948|709
1948|1951
1948|2666
1948|34
444|2308
2308|90
1974|1682
2308|1106
2308|1194
2308|2123
2308|166
2308|2269
2308|1939
2308|2380
2308|130
2308|2581
2308|874
2308|73
2308|764
2308|2413
2308|1096
2308|1419
2308|1862
2308|2096
2308|964
2308|2035
2308|579
2308|739
2308|367
1948|2664
1948|1391
1948|152
1948|1979
1687|258
2252|258
895|258
2457|1290
1984|1290
1138|1290
2252|1290
895|1290
814|2132
681|2132
1974|2132
1687|2132
2585|2132
328|2132
1973|2132
250|2132
2297|2132
814|1682
602|1682
2519|1682
681|1682
2093|258
814|258
874|1948
1948|633
1948|1037
1948|50
1948|1742
1948|2148
1948|2350
1948|2504
1948|1214
1948|842
1948|1749
1948|672
1008|1948
1948|1211
1948|114
1948|351
1948|2191
1948|1550
1948|1544
1948|853
1948|1861
1948|245
491|664
1973|862
491|2589
617|470
1571|470
32|470
2436|1492
2436|382
2436|122
2436|2449
2436|1844
2436|1761
2436|2446
2436|1909
2436|2375
2436|1390
2690|2253
2690|1790
2690|1300
2690|2299
1830|64
1830|2258
1830|1723
1830|2453
1830|740
2394|470
984|406
1830|1790
539|406
984|2339
663|984
1008|1672
1008|2698
1008|2464
1008|753
1008|603
1008|216
1008|1749
1008|935
1008|48
1008|1585
1008|2591
1008|1550
1008|1544
1008|1029
675|1672
675|2698
675|2464
675|935
675|1029
1830|2253
1830|2350
2329|1288
1473|1628
1473|1504
1473|78
1473|1274
2690|1036
2436|1331
767|835
952|2026
767|795
1135|795
2405|1905
2405|1288
2405|2307
2405|804
539|1292
466|514
466|1910
466|253
466|1378
466|40
1412|2639
1135|2078
1473|546
1473|576
1830|2367
1473|1723
1830|1173
1830|583
1830|1676
1830|747
1830|2374
1830|2728
1830|1504
1830|2170
1830|2579
1830|2371
1830|2056
1830|56
1830|2482
1830|1274
1830|2650
602|2364
984|2364
1728|2364
681|2364
2182|2364
1218|2655
984|1954
984|1427
984|2604
984|2269
984|1939
984|663
984|923
984|235
984|282
984|607
984|1517
984|2245
984|435
984|1428
984|2733
984|1787
984|445
984|185
984|1203
984|1998
984|1337
984|727
984|1867
984|1937
984|1747
984|875
984|166
984|2703
984|2618
984|927
984|780
984|1451
984|910
984|172
984|2635
984|887
984|1701
984|288
984|519
984|2018
984|1487
984|662
984|1932
984|1324
984|1194
984|465
984|2251
984|1168
984|2605
984|2211
984|1859
984|1381
984|2731
984|1375
984|2644
984|98
984|182
984|200
984|311
984|1123
984|1567
984|1764
984|1308
984|1644
984|1658
984|2410
984|850
984|1799
984|1182
984|492
984|396
984|461
984|1506
984|1063
984|2639
984|2699
984|1179
984|964
984|2169
984|24
984|1645
984|2680
984|903
984|2413
984|2095
984|819
984|2626
984|1743
984|763
984|866
984|1993
984|1703
984|2162
984|2498
984|1244
984|2047
984|2122
984|1952
984|2001
2329|1905
2329|2307
36|1288
618|1665
618|2449
618|2446
618|1615
618|1331
618|2699
618|2030
618|595
618|2410
618|614
2399|1621
2232|1621
2682|1621
681|1621
1571|1621
32|1621
602|2559
984|2559
1984|2701
1984|960
1984|1988
1984|1492
618|1951
1008|1742
1984|1660
1008|1214
907|1740
1130|1779
2577|1779
970|1576
970|2212
970|824
970|2255
970|1777
1211|1951
1211|628
1211|1666
1211|944
1211|1759
1211|1528
1211|1899
1211|2582
1211|2728
1211|2128
1211|1924
1211|400
1211|2734
1984|1168
1984|773
2329|804
1984|1700
1984|2087
1138|960
1138|1492
1138|773
1138|122
1138|2449
1138|1381
1138|904
1138|1615
1138|1308
1138|595
1138|1828
1138|1700
602|1614
539|1614
681|1614
2585|1614
2182|1614
2436|1614
2607|2253
2607|1790
1984|2551
1984|1783
1984|99
1984|1828
1984|122
1984|406
1984|730
1984|2449
1984|2483
1984|292
1984|297
1984|1381
1984|2638
1984|904
1984|2250
1984|2185
1984|1615
1984|2699
1984|214
1984|1308
1984|743
1984|1909
1984|595
1984|996
1984|2410
907|2570
907|1510
2730|2625
2577|865
2577|25
2577|1047
2577|2192
2577|2437
2577|1890
2577|1168
2577|1702
2577|1327
2577|2269
2577|360
2577|1465
2577|1469
2577|1724
2577|185
2577|1054
2577|892
2577|1805
2577|2184
2577|1381
2577|764
2577|2227
2577|2197
984|2527
2730|1876
228|1740
2329|824
1417|1820
1417|824
1417|1777
602|2589
984|2589
1728|2589
681|2589
2182|2589
663|2209
602|2209
984|2209
1728|2209
681|2209
2182|2209
113|1905
113|1288
113|2307
113|804
228|1510
228|2570
2577|2543
2577|1865
2577|2498
2577|2631
1884|2649
1884|2090
1884|2253
1884|1790
1884|1685
2003|406
2003|2412
2003|984
2003|1321
2003|2045
2003|1499
984|2003
313|824
313|1777
1400|2649
1400|2090
1400|1685
1400|824
1400|1777
2730|1598
2730|2333
2502|1685
2502|1790
2502|2253
2577|1553
2577|994
2577|2578
2577|1868
2577|200
2577|584
2577|579
2577|2566
2577|1634
2577|1075
2577|1704
2502|585
2577|1116
1008|1759
1830|1759
785|1759
602|595
539|595
984|595
2502|2649
2502|2090
984|1437
552|1288
946|554
2585|743
1728|1075
800|852
2395|1550
767|1032
767|707
767|513
767|2511
767|1403
767|1951
767|628
767|1666
767|2468
767|2727
767|701
767|2549
767|2558
767|1347
767|399
767|1268
767|2675
767|1401
2585|1828
2585|1090
767|2091
2585|2250
1130|830
1130|1752
1130|1474
1130|2351
1130|1681
1130|1249
1130|2284
1130|2263
1130|1306
1130|1415
1130|2707
1130|766
1130|2524
2585|2701
2585|103
2585|267
2585|1492
2585|107
2585|297
2585|1232
2585|797
767|2697
767|1899
32|1898
1218|788
1218|1564
1218|1187
1218|640
1218|2381
1218|1813
1218|2190
1218|19
663|1492
663|1168
663|122
663|2449
663|649
663|2413
663|1321
663|2255
663|1499
663|1075
32|527
32|585
32|2464
32|2253
1218|2183
1218|1086
767|2582
1218|1043
767|2689
767|70
767|385
767|2128
767|20
767|1924
767|44
767|1476
767|2716
767|2588
767|1969
767|2471
767|400
767|1738
767|1941
1218|1651
1218|60
1218|783
1218|776
1218|331
1218|1108
1130|111
1130|2201
2321|1116
1789|2367
1789|1676
1789|747
1789|2374
1789|2170
1789|2579
1789|2371
1789|2056
1789|2482
1405|1510
1405|2570
1405|1740
1405|2481
391|2073
391|1854
617|1898
617|2233
617|1942
617|2150
965|852
2264|1510
2264|2570
1789|1173
1789|2350
2458|1685
1789|740
906|2073
906|2199
906|764
906|143
906|2096
906|668
906|770
642|740
642|2350
642|2367
642|1173
642|1676
642|747
642|2374
642|2170
642|2579
642|2371
642|2056
642|333
642|2482
642|1274
2264|1740
2447|61
2447|1445
2447|1677
2395|2439
2395|842
2395|1607
2395|2291
2395|1749
2395|900
2395|1786
2395|2624
2395|2347
2395|2392
1728|2253
1728|1790
1728|2331
1728|507
1728|2639
1728|1502
1728|1515
2458|2649
2458|2090
2458|2253
2458|1790
2395|655
2395|1860
2395|1603
2447|263
2447|1281
2447|1019
2447|2499
2447|2253
2447|1519
2447|1790
2447|1587
2447|2630
2447|903
2447|1577
732|852
2447|316
2447|843
2447|463
2447|2547
2447|2392
552|1905
552|2307
552|804
732|786
32|1221
32|1790
1571|2150
602|2299
602|1828
539|1126
539|2137
539|2463
539|1540
539|420
539|2412
539|2174
539|1628
539|2699
539|2039
539|2410
539|2045
2182|2043
2182|1023
2182|619
2182|67
2182|1919
2182|2350
1135|166
539|166
602|2625
602|2410
127|2152
602|726
1135|2632
602|2701
1984|2534
602|1598
602|604
602|619
602|1436
602|1894
602|2333
602|1540
602|323
602|420
602|2155
602|1876
602|1653
602|843
602|1118
602|1944
602|1537
602|1300
602|2699
127|2314
127|359
32|786
681|213
681|556
681|2597
681|2617
681|979
2458|681
793|2649
793|2090
793|1685
793|2566
1571|527
1571|585
1571|2698
1571|2464
1571|2253
1571|1221
1571|1898
1571|1790
1571|2233
1571|330
1571|1942
1571|877
681|1468
681|2509
127|1342
681|2651
2539|1783
2539|2551
602|2001
681|638
681|2458
681|1369
681|619
681|585
681|1448
681|1241
681|1273
681|1540
681|323
681|2580
681|420
681|1232
681|858
681|1653
681|330
681|1922
681|737
767|2632
1891|1790
1891|2253
785|583
785|747
785|2374
785|2728
785|1504
785|2170
785|2579
785|2371
785|2056
785|56
785|2482
785|1274
785|2650
785|64
1789|64
642|64
2232|585
2232|2253
2232|1790
2232|330
558|2253
558|1221
785|1676
785|1173
1218|1648
785|2367
32|2233
32|330
32|1942
32|877
32|2150
233|1221
233|877
36|1905
36|2307
36|804
2399|585
2399|2253
2399|1790
2399|330
785|2258
785|1723
785|2453
785|740
785|2253
785|1790
785|2350
558|1790
2044|1497
2044|2253
2044|1790
1135|1401
1135|2697
1135|2091
1135|2689
1135|896
1135|70
1135|1768
1135|385
1135|2128
1135|20
1135|44
1135|1476
1135|1407
1135|2588
1135|1969
1135|2471
1135|2170
1135|1738
1135|2086
1135|1941
767|1135
1135|2675
1135|1268
1135|399
1135|1774
702|2253
702|1790
2394|1898
2394|2233
2394|1942
2394|2150
32|2698
1135|2226
1135|1032
1135|513
1135|1790
1135|2511
1135|1403
1135|1238
1135|628
1135|2468
1135|2727
1135|2351
1135|2253
1135|2558
946|514
602|638
946|264
444|308
444|2091
444|1528
444|1899
444|2582
444|2689
444|2152
444|70
444|385
444|2128
444|20
444|1924
444|44
444|1476
444|359
444|1407
444|2716
444|2588
444|1969
444|2471
444|795
444|400
444|2697
444|1401
444|2086
444|593
444|2613
444|2511
444|1403
444|1951
444|1796
444|1238
444|628
444|1666
444|2468
444|1135
444|2727
444|701
444|835
444|2549
444|2314
444|2558
444|2739
444|1347
444|399
444|1268
444|2675
444|1738
444|1342
2457|960
506|1256
506|1212
940|514
940|803
940|508
940|1062
940|610
940|2340
940|1820
940|784
940|2570
940|520
940|2355
940|1740
940|1910
940|498
940|2193
940|253
940|2366
940|2315
940|2014
940|1378
506|2717
506|1394
444|2639
506|2235
444|2632
444|1941
444|533
1797|730
1797|2253
1797|1790
1797|1859
1797|26
1797|681
1797|2566
1797|1973
1797|2297
681|1797
1973|1797
2297|1797
1561|923
1561|2245
1561|1747
1561|1179
1561|596
1561|1799
444|513
444|707
444|1774
1064|292
1064|1843
1064|2250
1064|2185
1064|815
1064|214
1064|1573
1064|743
1064|996
1064|1828
1064|1031
1064|1783
1064|2551
1064|2087
97|1905
97|1288
97|2307
97|804
97|242
97|824
68|1510
68|2570
1064|297
1064|2449
444|1032
1064|1660
1710|714
1710|1970
1710|2392
767|2739
1135|2739
2585|1713
1984|1843
2436|1843
2052|1905
2052|1288
2052|2307
2052|804
210|1905
210|1288
210|2307
210|804
210|242
210|824
1064|2701
1064|1988
1064|1492
68|1740
68|2481
1004|1451
1004|839
1106|1790
1106|2364
1106|984
1106|942
1106|2259
1106|2036
1106|2429
1106|1321
1106|22
1106|1943
1106|1211
1106|2673
1106|2612
1106|2440
1106|387
1106|1499
1106|533
1106|2734
539|1106
984|1106
533|1106
1106|2253
1106|713
1106|2209
1004|2363
1004|2081
1004|2206
1004|663
1004|1337
1004|1867
1004|2412
1004|1772
1004|49
1004|2045
663|1004
1106|1283
487|1820
487|824
487|1777
1106|2043
1106|2242
1106|1717
1106|2589
1106|166
1106|730
940|40
2457|1988
1710|542
728|2561
728|1406
728|882
728|1027
895|2701
895|2051
895|1163
895|1492
895|122
895|1478
895|2449
895|297
895|157
895|1843
895|904
895|1482
895|2250
895|1922
895|627
895|743
895|595
895|996
728|219
728|2714
134|451
728|571
814|1973
814|2404
814|2747
814|766
814|2447
814|2366
814|2597
814|1828
814|1812
814|2639
814|1059
814|533
814|2297
814|2401
2577|814
793|814
1797|814
1973|814
2447|814
2297|814
1245|1398
895|1828
134|2156
2457|2051
1473|134
2297|134
2534|2051
2534|1492
2534|773
2534|122
2534|2449
2534|2296
2534|340
2534|1381
2534|904
2534|2457
2534|1308
2534|1909
2534|595
2534|1984
2534|1828
2534|1700
1130|2534
134|2534
2457|2534
946|2337
1973|134
134|1116
134|394
134|1731
134|2552
134|991
134|140
134|493
134|1779
134|2351
134|2253
134|1790
134|2367
134|1292
134|1638
134|2219
134|898
134|870
134|569
134|2177
134|2170
134|2191
134|864
134|2560
134|2707
814|2579
814|1122
814|413
1135|2219
2530|2219
2682|2219
1830|2219
1995|2219
785|2219
702|2219
1728|2219
1891|2219
2044|2219
2607|2219
2502|2219
15|2219
1571|2219
558|2219
32|2219
1797|2219
1973|2219
2690|2219
2447|2219
533|2219
2297|2219
2232|2219
1884|2219
814|1797
2458|2219
2457|1492
2457|1660
2457|773
2457|122
2457|2449
2457|292
2457|1381
2457|2638
2457|904
2457|355
2457|2185
2457|815
2457|1896
2457|1308
2457|595
2457|1828
2457|1783
2457|1700
2457|2551
2457|2087
2399|2219
1706|1577
1706|1628
1706|1973
1706|2297
814|1232
814|430
814|1829
814|1859
814|1249
814|1759
814|2626
814|2446
814|904
814|1716
814|1772
814|1653
814|1922
814|843
814|2577
814|693
814|1082
814|1331
814|276
814|1179
814|793
814|1000
814|804
814|2307
814|619
1973|1706
2297|1706
814|2701
814|514
814|638
814|374
814|111
814|2197
814|1194
814|1392
814|1288
814|166
814|2115
814|1939
814|663
814|2072
814|2167
814|2427
814|1134
814|1905
1710|1735
1106|2219
1710|1786
2297|1961
2297|811
2297|1443
2297|1168
2297|99
2297|2453
2297|1135
2297|166
2297|730
2297|1788
2297|1526
2297|1719
2297|238
2297|293
2297|1840
2297|1473
2297|1536
2297|1921
2297|539
2297|2253
2297|1696
2297|1233
2297|675
2297|2480
2297|1289
2297|1130
1557|2578
1557|2673
1557|2154
1557|1553
131|508
131|1905
131|1288
131|2307
131|804
131|242
131|2355
1373|1905
1373|1288
1373|2307
1373|804
1373|242
1211|593
2297|2156
2297|1723
2297|2266
2297|2613
2297|1333
2297|261
2297|1463
2297|1005
2297|1740
2297|437
2297|168
2297|2476
2297|507
2297|2001
2297|1609
2297|1504
2297|569
2297|1460
2297|1331
2297|1480
2297|96
2297|980
2297|2643
2297|1418
2297|627
2297|1764
2297|2030
2297|2039
2297|2566
2297|1922
2297|1107
2297|1790
2297|1242
2297|1510
2297|301
2297|1232
2297|2350
2297|2329
2297|2477
2297|1599
2297|1800
2297|858
2297|2268
2297|667
2297|764
2297|480
2297|891
2297|1728
2297|2570
2297|2446
2297|904
2297|616
2297|2331
2297|2616
1557|2577
1557|2227
1557|764
1596|2255
308|1472
308|1793
308|2513
308|1818
308|2039
1135|308
1881|1905
1881|1288
1881|2307
1881|804
832|1905
832|1288
832|2307
832|804
767|1796
1135|1796
539|293
308|293
539|2266
308|2266
412|1905
1596|1777
1596|824
1557|2184
1596|1576
946|1905
1710|2715
946|1288
946|2307
946|804
946|1510
946|2570
946|520
946|316
946|1740
946|843
946|1910
946|2481
946|1378
946|40
612|1576
612|488
612|824
612|2255
612|1777
2514|824
412|1288
412|2307
412|804
412|824
870|1510
870|2570
870|2513
870|1740
870|1818
870|2177
870|2039
870|2560
870|1828
870|1424
1130|870
1557|2492
1557|1047
1557|133
1557|2437
1557|1168
1557|1436
1557|1327
1557|686
1557|644
1557|892
870|2593
870|1793
870|293
1611|2255
412|1243
412|2309
412|1777
518|1510
518|2570
518|1740
518|2143
1611|1576
1611|824
1611|1828
870|2090
1611|1777
2718|1510
2718|2570
2718|1740
870|2701
870|394
870|2266
870|1472
870|2649
2297|2559
870|1685
2297|1315
1973|27
1973|1087
1973|1075
1973|2149
1973|2639
1973|911
1973|1927
1973|1274
1973|2297
1973|1502
1973|1515
1130|1973
602|1973
1473|1973
539|1973
1728|1973
681|1973
2182|1973
2297|1973
533|2043
533|1228
533|166
1973|354
1973|2597
1973|507
1973|338
1973|1609
1973|1504
1973|569
1973|1460
1973|1331
1973|1480
1973|96
1973|980
1973|2643
1973|2673
1973|1418
1973|627
1973|2030
1973|2039
1973|2566
1973|2559
1973|1463
1973|1315
1973|2172
1973|2136
1973|729
533|2253
533|125
533|1790
533|363
2040|2570
2040|1740
2040|824
2040|2481
2040|1828
2040|1777
1710|105
1710|2057
1710|2664
1710|1677
1710|740
1710|1779
1710|1019
1710|982
1710|21
1710|1913
1710|1334
1710|496
2297|2172
1710|2466
1710|1292
2040|1510
2040|2351
81|804
187|1828
533|302
533|2421
533|1751
533|854
533|2441
539|533
187|1576
187|824
187|2255
187|2059
81|2307
187|1777
1416|1576
1416|824
1416|2255
1416|1777
1730|1581
1730|1873
81|1905
81|1288
1973|2001
1135|533
1973|2476
206|1777
1209|1777
602|2051
539|2051
984|2051
1984|2051
1138|2051
618|2051
2530|2253
2530|1790
1973|2156
1973|1723
1973|2266
1973|2613
1973|1130
1973|2480
1973|1961
1973|675
1973|811
1973|1443
1973|1168
1973|99
1209|824
206|824
1973|1135
681|2297
2297|729
2297|338
2297|2136
1973|168
2297|2597
2297|27
2297|354
2297|1087
2297|1075
2297|2149
2297|2639
2297|911
2297|1927
2297|1274
2297|1502
2297|1515
1130|2297
602|2297
1473|2297
539|2297
1728|2297
1973|2453
2182|2297
1973|166
1973|2329
1973|1599
1973|1800
1973|858
1973|2268
1973|667
1973|764
1973|480
1973|891
1973|2570
1973|2446
1973|904
1973|616
1973|2331
1973|2616
1973|1242
1973|1107
1973|1005
1973|437
1973|730
1973|1922
1973|1740
1973|2477
1973|1728
1973|2350
1973|1788
1973|1719
1973|1526
1973|1232
1973|238
1973|293
1973|1840
1973|1536
1973|1921
1973|539
1973|2253
1973|1473
1973|1696
1973|1333
1973|1289
1973|261
1973|1790
1973|1233
1973|301
1973|1510
